Var1,Var2,Var3,Var4
0,1000,0,0.00145369626122937
0.01,999.99950967,-0.098066,0.0153808405819504
0.02,999.99803868,-0.196132,-0.00996963090248624
0.03,999.99558703,-0.294198,0.00320833560997473
0.04,999.99215472,-0.392264,0.00941621603119139
0.05,999.98774175,-0.49033,0.00370061234629081
0.06,999.98234812,-0.588396,-0.00787073118732723
0.07,999.97597383,-0.686462,-0.0229814907206805
0.08,999.96861888,-0.784528,0.00256282150073623
0.09,999.96028327,-0.882594,0.00825887368466153
0.1,999.950967,-0.98066,0.00856667438565799
0.11,999.94067007,-1.078726,0.00273305105168933
0.12,999.929392479999,-1.176792,-0.00375939750587214
0.13,999.917134229999,-1.274858,0.0166202993300509
0.14,999.903895319999,-1.372924,0.00287343704719952
0.15,999.889675749999,-1.47099,0.0113791811042963
0.16,999.874475519999,-1.569056,-0.0191165852876332
0.17,999.858294629999,-1.667122,0.00355425987287244
0.18,999.841133079999,-1.765188,0.00949174992003205
0.19,999.822990869999,-1.863254,-0.0116780844136437
0.2,999.803867999999,-1.96132,-0.00567125584374214
0.21,999.783764469999,-2.059386,0.00108720987494789
0.22,999.762680279999,-2.157452,-0.00430996626719666
0.23,999.740615429999,-2.255518,0.0144529319629245
0.24,999.717569919999,-2.353584,-0.00771909809182664
0.25,999.693543749999,-2.45165,0.00633376401505906
0.26,999.668536919999,-2.549716,0.00492918703811112
0.27,999.642549429999,-2.647782,-0.00385877054340499
0.28,999.615581279999,-2.745848,-0.0150707410573613
0.29,999.587632469999,-2.843914,-0.0224477099817388
0.3,999.558702999999,-2.94198,-0.0222984269014959
0.31,999.528792869999,-3.040046,-0.0215370252581718
0.32,999.497902079999,-3.138112,-0.00153349549550306
0.33,999.466030629998,-3.236178,0.00428506383206649
0.34,999.433178519998,-3.334244,-0.00697852820567616
0.35,999.399345749998,-3.43231,0.00253049170357892
0.36,999.364532319998,-3.530376,0.0130913711700903
0.37,999.328738229998,-3.628442,-0.0084092020183895
0.38,999.291963479998,-3.726508,-0.0105830252946102
0.39,999.254208069998,-3.824574,-0.0169823116359512
0.4,999.215471999998,-3.92264,-0.0133488394272287
0.41,999.175755269998,-4.020706,0.00652574392575951
0.42,999.135057879998,-4.118772,-0.00656692139228921
0.43,999.093379829998,-4.216838,-0.00021321765195896
0.44,999.050721119998,-4.314904,-0.00770100405257556
0.45,999.007081749998,-4.41297,0.00624999913327489
0.46,998.962461719998,-4.51103600000001,-0.0148805834614293
0.47,998.916861029998,-4.60910200000001,0.0012702873787986
0.48,998.870279679998,-4.70716800000001,-0.0104648839071796
0.49,998.822717669998,-4.80523400000001,-0.00131021015142475
0.5,998.774174999998,-4.90330000000001,-0.0153134843569218
0.51,998.724651669998,-5.00136600000001,0.000270810380529193
0.52,998.674147679998,-5.09943200000001,0.00173055836494238
0.53,998.622663029998,-5.19749800000001,0.00784221499217617
0.54,998.570197719998,-5.29556400000001,0.00699912978665283
0.55,998.516751749998,-5.39363000000001,0.00559745279897039
0.56,998.462325119997,-5.49169600000001,0.00400243508836136
0.57,998.406917829997,-5.58976200000001,-0.00739340010890893
0.58,998.350529879997,-5.68782800000001,0.00414177272277574
0.59,998.293161269997,-5.78589400000001,0.0013376481032873
0.6,998.234811999997,-5.88396000000001,-0.0171445765511612
0.61,998.175482069997,-5.98202600000001,0.00909443931860819
0.62,998.115171479997,-6.08009200000001,-0.0061235530195293
0.63,998.053880229997,-6.17815800000001,0.0157144282302699
0.64,997.991608319997,-6.27622400000001,-0.00522115647862692
0.65,997.928355749997,-6.37429000000001,0.00621013601786508
0.66,997.864122519997,-6.47235600000001,-0.00336788600521571
0.67,997.798908629997,-6.57042200000001,-0.00396250932864228
0.68,997.732714079997,-6.66848800000001,-0.0168150278854753
0.69,997.665538869997,-6.76655400000001,0.000578630847776916
0.7,997.597382999997,-6.86462000000001,-0.00321987789724783
0.71,997.528246469997,-6.96268600000001,0.000469478567273815
0.72,997.458129279997,-7.06075200000001,0.00653467269586417
0.73,997.387031429997,-7.15881800000001,0.0122669793189108
0.74,997.314952919997,-7.25688400000001,0.000804137558865005
0.75,997.241893749997,-7.35495000000001,0.00132254807252818
0.76,997.167853919996,-7.45301600000001,-0.00119735428320948
0.77,997.092833429996,-7.55108200000001,0.00638509862696023
0.78,997.016832279996,-7.64914800000001,0.0247857910723908
0.79,996.939850469996,-7.74721400000001,0.00324359325421067
0.8,996.861887999996,-7.84528000000001,-0.0042041275914909
0.81,996.782944869996,-7.94334600000001,0.0152503447046744
0.820000000000001,996.703021079996,-8.04141200000001,-0.0223496055040846
0.830000000000001,996.622116629996,-8.13947800000001,0.00177998272468796
0.840000000000001,996.540231519996,-8.23754400000001,0.00574742374712611
0.850000000000001,996.457365749996,-8.33561000000001,-0.0123314622051361
0.860000000000001,996.373519319996,-8.43367600000001,0.00991447048111773
0.870000000000001,996.288692229996,-8.53174200000001,0.012799742835909
0.880000000000001,996.202884479996,-8.62980800000001,-0.0236579027810649
0.890000000000001,996.116096069996,-8.72787400000001,0.00399767371160518
0.900000000000001,996.028326999996,-8.82594000000001,-0.00470876995489951
0.910000000000001,995.939577269996,-8.92400600000001,0.0074949976413978
0.920000000000001,995.849846879996,-9.022072,0.00362083502863776
0.930000000000001,995.759135829996,-9.120138,-0.00618317371986354
0.940000000000001,995.667444119996,-9.218204,0.00432165161674182
0.950000000000001,995.574771749996,-9.31627,-0.00672920181082487
0.960000000000001,995.481118719995,-9.414336,-0.00694777326532213
0.970000000000001,995.386485029995,-9.512402,-0.000173589128729402
0.980000000000001,995.290870679995,-9.610468,0.00580138690243893
0.990000000000001,995.194275669995,-9.708534,0.00389952796328109
1,995.096699999995,-9.8066,-4.49993124866265e-05
1.01,994.998143669995,-9.904666,0.017529613776036
1.02,994.898606679995,-10.002732,-0.00954952169698567
1.03,994.798089029995,-10.100798,0.00272408095703928
1.04,994.696590719995,-10.198864,-0.00634506963213396
1.05,994.594111749995,-10.29693,0.00371094940435976
1.06,994.490652119995,-10.394996,0.00368422626543563
1.07,994.386211829995,-10.493062,0.012336513717237
1.08,994.280790879995,-10.591128,-0.00731990740923689
1.09,994.174389269995,-10.689194,-0.00531266273130521
1.1,994.067006999995,-10.78726,0.0070949576268606
1.11,993.958644069995,-10.885326,-9.55745474099781e-05
1.12,993.849300479995,-10.983392,-0.00738849098404408
1.13,993.738976229995,-11.081458,0.00793650449403528
1.14,993.627671319995,-11.179524,0.0153954302001165
1.15,993.515385749995,-11.27759,0.00396189636495998
1.16,993.402119519995,-11.375656,0.0105641087788462
1.17,993.287872629995,-11.473722,-0.00201167073221479
1.18,993.172645079994,-11.571788,0.00459803654801235
1.19,993.056436869994,-11.669854,0.0138902518163631
1.2,992.939247999994,-11.76792,-0.00919210687654313
1.21,992.821078469994,-11.865986,0.00186688166465619
1.22,992.701928279994,-11.964052,-0.00762333489460503
1.23,992.581797429994,-12.062118,-0.00962075993091215
1.24,992.460685919994,-12.160184,0.00463596715261916
1.25,992.338593749994,-12.25825,0.0126141189075462
1.26,992.215520919994,-12.356316,0.0214146773595867
1.27,992.091467429994,-12.454382,-0.0078635846842096
1.28,991.966433279994,-12.552448,0.00794224087611865
1.29,991.840418469994,-12.650514,-0.00288287657594937
1.3,991.713422999994,-12.74858,-0.00879008350321644
1.31,991.585446869994,-12.846646,0.0118012578930808
1.32,991.456490079994,-12.944712,-0.00374866447148396
1.33,991.326552629994,-13.042778,-0.00650620596353465
1.34,991.195634519994,-13.140844,0.00207005644532322
1.35,991.063735749994,-13.23891,0.00150541689194896
1.36,990.930856319994,-13.336976,0.00229575558336164
1.37,990.796996229994,-13.435042,0.00911911504883266
1.38,990.662155479994,-13.533108,0.00488028314494513
1.39,990.526334069993,-13.631174,-0.00190844540128223
1.4,990.389531999993,-13.72924,-0.00287644525174813
1.41,990.251749269993,-13.827306,-0.00670963833591965
1.42,990.112985879993,-13.925372,0.00638548760960396
1.43,989.973241829993,-14.023438,-0.0142358586487965
1.44,989.832517119993,-14.121504,0.016005539969845
1.45,989.690811749993,-14.21957,0.00343582307667992
1.46,989.548125719993,-14.317636,0.0126740041597556
1.47,989.404459029993,-14.415702,0.0091945453617293
1.48,989.259811679993,-14.513768,0.00709109662442493
1.49,989.114183669993,-14.611834,-0.0103511712102862
1.5,988.967574999993,-14.7099,-0.0200509459783034
1.51,988.819985669993,-14.807966,0.00165501601771275
1.52,988.671415679993,-14.906032,0.0186636983040168
1.53,988.521865029993,-15.004098,0.00845797306918707
1.54,988.371333719993,-15.102164,-0.0100435434548053
1.55,988.219821749993,-15.20023,-0.00350543121499519
1.56,988.067329119993,-15.298296,0.00685960229913753
1.57,987.913855829993,-15.396362,-0.000169107169522779
1.58,987.759401879993,-15.494428,-0.00414952282455497
1.59,987.603967269992,-15.592494,-0.0133883707727592
1.6,987.447551999992,-15.69056,0.00134805304926957
1.61,987.290156069992,-15.788626,0.0138299103206923
1.62,987.131779479992,-15.886692,-0.00558283565697299
1.63,986.972422229992,-15.984758,-0.00462085218946281
1.64,986.812084319992,-16.082824,-0.0100130107017693
1.65,986.650765749992,-16.18089,-0.0132638697510685
1.66,986.488466519992,-16.278956,-0.00398112128273197
1.67,986.325186629992,-16.377022,0.00106404280488584
1.68,986.160926079992,-16.475088,0.00564826709592621
1.69,985.995684869992,-16.573154,0.0121290344794034
1.7,985.829462999992,-16.67122,-0.00159646352319958
1.71,985.662260469992,-16.769286,0.0136657034806581
1.72,985.494077279992,-16.867352,0.00029888900476345
1.73,985.324913429992,-16.9654179999999,-0.0140169372076926
1.74,985.154768919992,-17.0634839999999,-0.00854863929062333
1.75,984.983643749992,-17.1615499999999,-0.00929765566557541
1.76,984.811537919992,-17.2596159999999,-0.00728478439888138
1.77,984.638451429992,-17.3576819999999,0.00136028553879441
1.78,984.464384279992,-17.4557479999999,0.0140764171170284
1.79,984.289336469992,-17.5538139999999,-0.0156935376516002
1.8,984.113307999992,-17.6518799999999,-0.00461801007957403
1.81,983.936298869991,-17.7499459999999,0.00151263466169416
1.82,983.758309079991,-17.8480119999999,-0.00980307626094255
1.83,983.579338629991,-17.9460779999999,-0.00338803311632539
1.84,983.399387519991,-18.0441439999999,0.00348196951662972
1.85,983.218455749991,-18.1422099999999,0.00379020396514379
1.86,983.036543319991,-18.2402759999999,0.00405446949578277
1.87,982.853650229991,-18.3383419999999,0.00662793990919214
1.88,982.669776479991,-18.4364079999999,0.0143488364131523
1.89,982.484922069991,-18.5344739999999,0.00120272286304355
1.9,982.299086999991,-18.6325399999999,-0.0113764631118913
1.91,982.112271269991,-18.7306059999999,-0.00792021584997438
1.92,981.924474879991,-18.8286719999999,-0.0143310479048418
1.93,981.735697829991,-18.9267379999999,-0.0120168990970418
1.94,981.545940119991,-19.0248039999999,0.00196053467000675
1.95,981.355201749991,-19.1228699999999,0.00297478811901316
1.96,981.163482719991,-19.2209359999999,0.00450385124318731
1.97,980.970783029991,-19.3190019999999,-0.00952718614710477
1.98,980.777102679991,-19.4170679999999,-0.00548656106297454
1.99,980.582441669991,-19.5151339999999,0.00334896393665624
2,980.386799999991,-19.6131999999999,0.0017413876973123
2.01,980.19017766999,-19.7112659999999,-0.0146954082818968
2.02,979.99257467999,-19.8093319999999,0.0030684398605027
2.03,979.79399102999,-19.9073979999999,0.0103603357366527
2.04,979.59442671999,-20.0054639999999,-0.00783454884281358
2.05,979.39388174999,-20.1035299999999,-0.000567976772543099
2.06,979.19235611999,-20.2015959999999,0.00196164216572418
2.07,978.98984982999,-20.2996619999999,-0.0152115660065504
2.08,978.78636287999,-20.3977279999999,-0.0056495375809153
2.09,978.58189526999,-20.4957939999999,-0.00323208997039654
2.1,978.37644699999,-20.5938599999999,-0.00347775999041062
2.11,978.17001806999,-20.6919259999999,-0.00730771090937584
2.12,977.96260847999,-20.7899919999999,0.0184026740665476
2.13,977.75421822999,-20.8880579999999,0.0165412104163682
2.14,977.54484731999,-20.9861239999999,-0.00699077185429987
2.15,977.33449574999,-21.0841899999999,0.0160700987892892
2.16,977.12316351999,-21.1822559999999,0.00194602905244849
2.17,976.91085062999,-21.2803219999999,-0.00782185334553411
2.18,976.69755707999,-21.3783879999999,-0.00615481383590127
2.19,976.48328286999,-21.4764539999999,-0.00815295022999494
2.2,976.26802799999,-21.5745199999999,-0.0144300872664469
2.21,976.05179246999,-21.6725859999999,0.000344627874363659
2.22,975.83457627999,-21.7706519999999,0.0174873068200115
2.23,975.616379429989,-21.8687179999999,-0.00181078537594115
2.24,975.397201919989,-21.9667839999999,0.00422603905133145
2.25,975.177043749989,-22.0648499999999,0.0122981068232068
2.26,974.955904919989,-22.1629159999999,0.00895039274615725
2.27,974.733785429989,-22.2609819999999,-0.0123859579428496
2.28,974.510685279989,-22.3590479999999,0.00274842386822988
2.29,974.286604469989,-22.4571139999999,0.00524323394261206
2.29999999999999,974.061542999989,-22.5551799999999,-0.000689173129029206
2.30999999999999,973.835500869989,-22.6532459999999,-0.0085028839029229
2.31999999999999,973.608478079989,-22.7513119999999,0.00542265694265102
2.32999999999999,973.380474629989,-22.8493779999999,0.00236869547203905
2.33999999999999,973.151490519989,-22.9474439999999,0.0156938947828091
2.34999999999999,972.921525749989,-23.0455099999999,0.0104082139191916
2.35999999999999,972.690580319989,-23.1435759999999,-0.0270058009881742
2.36999999999999,972.458654229989,-23.2416419999999,0.00962142608369328
2.37999999999999,972.225747479989,-23.3397079999999,0.00316208710919502
2.38999999999999,971.991860069989,-23.4377739999999,-0.00217083342821492
2.39999999999999,971.756991999989,-23.5358399999999,-0.00418427995379927
2.40999999999999,971.521143269989,-23.6339059999999,0.00291176842853645
2.41999999999999,971.284313879989,-23.7319719999999,0.00208834342182819
2.42999999999999,971.046503829989,-23.8300379999999,-0.00249247983983974
2.43999999999999,970.807713119989,-23.9281039999999,-0.00469516439997254
2.44999999999999,970.567941749988,-24.0261699999999,-0.0121299187076531
2.45999999999999,970.327189719988,-24.1242359999999,0.000839860141234438
2.46999999999999,970.085457029988,-24.2223019999999,-0.0104073598478145
2.47999999999999,969.842743679988,-24.3203679999999,0.00550201431293251
2.48999999999999,969.599049669988,-24.4184339999999,-0.00677682661930082
2.49999999999999,969.354374999988,-24.5164999999999,0.00948582465197833
2.50999999999999,969.108719669988,-24.6145659999999,-0.0150049904761772
2.51999999999999,968.862083679988,-24.7126319999999,-0.00344008398024576
2.52999999999999,968.614467029988,-24.8106979999999,0.00172906765363012
2.53999999999999,968.365869719988,-24.9087639999999,0.00729674401618356
2.54999999999999,968.116291749988,-25.0068299999999,-0.00254581157721353
2.55999999999999,967.865733119988,-25.1048959999999,-0.00416447377160231
2.56999999999999,967.614193829988,-25.2029619999999,0.00236017810476002
2.57999999999999,967.361673879988,-25.3010279999999,-0.00741445143722089
2.58999999999999,967.108173269988,-25.3990939999999,0.00779412311410994
2.59999999999999,966.853691999988,-25.4971599999999,0.00674039226398399
2.60999999999999,966.598230069988,-25.5952259999999,-0.005194637731458
2.61999999999999,966.341787479988,-25.6932919999999,0.0014868716794978
2.62999999999999,966.084364229988,-25.7913579999999,-0.00381356246360953
2.63999999999999,965.825960319988,-25.8894239999999,-0.00566177165021325
2.64999999999999,965.566575749987,-25.9874899999999,0.0049409602672519
2.65999999999999,965.306210519987,-26.0855559999999,-3.16842182153944e-05
2.66999999999999,965.044864629987,-26.1836219999999,-0.00644932761400202
2.67999999999999,964.782538079987,-26.2816879999999,0.00184017361242532
2.68999999999999,964.519230869987,-26.3797539999999,-0.00764098956296128
2.69999999999999,964.254942999987,-26.4778199999999,0.0142938265681359
2.70999999999999,963.989674469987,-26.5758859999999,0.0139961617556408
2.71999999999999,963.723425279987,-26.6739519999999,-0.00387655178796196
2.72999999999999,963.456195429987,-26.7720179999999,-0.0214119626058687
2.73999999999999,963.187984919987,-26.8700839999999,-0.00161301740664739
2.74999999999999,962.918793749987,-26.9681499999999,-0.0103863675347358
2.75999999999999,962.648621919987,-27.0662159999999,-0.00208950544380936
2.76999999999998,962.377469429987,-27.1642819999999,-0.00453463036725197
2.77999999999998,962.105336279987,-27.2623479999999,-0.00652875436162208
2.78999999999998,961.832222469987,-27.3604139999999,0.0134181517994204
2.79999999999998,961.558127999987,-27.4584799999999,0.00189223640070289
2.80999999999998,961.283052869987,-27.5565459999999,-0.015977889060618
2.81999999999998,961.006997079987,-27.6546119999999,0.0123550166740294
2.82999999999998,960.729960629987,-27.7526779999999,-0.0100112726022268
2.83999999999998,960.451943519987,-27.8507439999999,0.0261604622593691
2.84999999999998,960.172945749987,-27.9488099999999,-0.0116060416834297
2.85999999999998,959.892967319986,-28.0468759999999,-0.0240354767364819
2.86999999999998,959.612008229986,-28.1449419999999,-0.00849174058703306
2.87999999999998,959.330068479986,-28.2430079999999,0.00841912639359126
2.88999999999998,959.047148069986,-28.3410739999999,-0.0161227034602004
2.89999999999998,958.763246999986,-28.4391399999999,-0.00323395404259589
2.90999999999998,958.478365269986,-28.5372059999999,-0.00765310390915403
2.91999999999998,958.192502879986,-28.6352719999999,-0.00607559968980878
2.92999999999998,957.905659829986,-28.7333379999999,0.000764079550690536
2.93999999999998,957.617836119986,-28.8314039999999,0.00376801690900842
2.94999999999998,957.329031749986,-28.9294699999999,0.000154389792432158
2.95999999999998,957.039246719986,-29.0275359999999,0.0223783018872288
2.96999999999998,956.748481029986,-29.1256019999999,-0.0041248005520718
2.97999999999998,956.456734679986,-29.2236679999999,0.0169226312500402
2.98999999999998,956.164007669986,-29.3217339999999,-0.000308820275298405
2.99999999999998,955.870299999986,-29.4197999999999,0.00468900473129028
3.00999999999998,955.575611669986,-29.5178659999999,0.000261331906626034
3.01999999999998,955.279942679986,-29.6159319999999,-0.00667474615002313
3.02999999999998,954.983293029986,-29.7139979999999,0.00510088617718087
3.03999999999998,954.685662719986,-29.8120639999999,0.00185785085150673
3.04999999999998,954.387051749986,-29.9101299999999,-0.00332654780984619
3.05999999999998,954.087460119986,-30.0081959999999,0.0233397254933938
3.06999999999998,953.786887829986,-30.1062619999999,-0.0167169449476856
3.07999999999998,953.485334879986,-30.2043279999999,0.0133736991470763
3.08999999999998,953.182801269985,-30.3023939999999,-0.00244809619340855
3.09999999999998,952.879286999985,-30.4004599999999,0.000868715539750645
3.10999999999998,952.574792069985,-30.4985259999999,-0.0172811948337492
3.11999999999998,952.269316479985,-30.5965919999999,0.00218784989255131
3.12999999999998,951.962860229985,-30.6946579999999,-6.78605328827938e-05
3.13999999999998,951.655423319985,-30.7927239999999,0.00304665258273287
3.14999999999998,951.347005749985,-30.8907899999999,0.00641966435745387
3.15999999999998,951.037607519985,-30.9888559999999,-0.0105756639046678
3.16999999999998,950.727228629985,-31.0869219999999,0.00519711512032282
3.17999999999998,950.415869079985,-31.1849879999999,0.0114769335081646
3.18999999999998,950.103528869985,-31.2830539999999,0.0123373443438491
3.19999999999998,949.790207999985,-31.3811199999999,0.00547633689026644
3.20999999999998,949.475906469985,-31.4791859999998,0.00477686602686834
3.21999999999998,949.160624279985,-31.5772519999998,-0.00724667799755274
3.22999999999998,948.844361429985,-31.6753179999998,0.0038759651644613
3.23999999999997,948.527117919985,-31.7733839999998,0.00393681915144122
3.24999999999997,948.208893749985,-31.8714499999998,-0.0179208035076711
3.25999999999997,947.889688919985,-31.9695159999998,-0.00856514183141854
3.26999999999997,947.569503429985,-32.0675819999998,-0.000561062606966218
3.27999999999997,947.248337279985,-32.1656479999998,-0.0136398831523684
3.28999999999997,946.926190469985,-32.2637139999999,-0.00851748893426133
3.29999999999997,946.603062999985,-32.3617799999999,0.0126199715206743
3.30999999999997,946.278954869985,-32.4598459999999,-0.0108659474565987
3.31999999999997,945.953866079985,-32.5579119999999,0.000887040939130704
3.32999999999997,945.627796629984,-32.6559779999999,-0.00273772974812241
3.33999999999997,945.300746519984,-32.7540439999999,0.00149994932432143
3.34999999999997,944.972715749984,-32.8521099999999,-0.0156997805448894
3.35999999999997,944.643704319984,-32.9501759999999,-0.014605926225835
3.36999999999997,944.313712229984,-33.0482419999999,-0.0112490433629649
3.37999999999997,943.982739479984,-33.1463079999999,-0.0101792794621363
3.38999999999997,943.650786069984,-33.2443739999999,0.000398847409024319
3.39999999999997,943.317851999984,-33.3424399999999,0.00278562648763079
3.40999999999997,942.983937269984,-33.4405059999999,-0.0166879132784727
3.41999999999997,942.649041879984,-33.5385719999999,0.00711886998940985
3.42999999999997,942.313165829984,-33.6366379999999,-0.000428349097494927
3.43999999999997,941.976309119984,-33.7347039999999,0.0054556540774928
3.44999999999997,941.638471749984,-33.8327699999999,-0.0108040031025638
3.45999999999997,941.299653719984,-33.9308359999999,0.00266555865431239
3.46999999999997,940.959855029984,-34.0289019999999,-6.24757084207911e-05
3.47999999999997,940.619075679984,-34.1269679999999,0.00337911212910369
3.48999999999997,940.277315669984,-34.2250339999999,0.00627499058807133
3.49999999999997,939.934574999984,-34.3230999999999,-0.00867071787538966
3.50999999999997,939.590853669984,-34.4211659999999,0.0161881088403665
3.51999999999997,939.246151679984,-34.5192319999999,-0.00652874449151399
3.52999999999997,938.900469029983,-34.6172979999999,-0.0076294107186566
3.53999999999997,938.553805719983,-34.7153639999999,-0.00532654826176278
3.54999999999997,938.206161749983,-34.8134299999999,0.00537512286366513
3.55999999999997,937.857537119983,-34.9114959999999,0.0031264151485
3.56999999999997,937.507931829983,-35.0095619999999,0.0116441472989541
3.57999999999997,937.157345879983,-35.1076279999999,0.0209340616267021
3.58999999999997,936.805779269983,-35.2056939999999,0.00392632211133815
3.59999999999997,936.453231999983,-35.3037599999999,0.00228793207862131
3.60999999999997,936.099704069983,-35.4018259999999,0.00282330882331511
3.61999999999997,935.745195479983,-35.4998919999999,0.00523925787758847
3.62999999999997,935.389706229983,-35.5979579999999,-0.000491674801987182
3.63999999999997,935.033236319983,-35.696024,-0.00256065006805093
3.64999999999997,934.675785749983,-35.79409,0.0119712932133878
3.65999999999997,934.317354519983,-35.892156,0.00191801367512511
3.66999999999997,933.957942629983,-35.990222,-0.00355063881840706
3.67999999999997,933.597550079983,-36.088288,-0.00648728005601179
3.68999999999997,933.236176869983,-36.186354,0.00427490495726134
3.69999999999997,932.873822999983,-36.28442,-0.00860549892395937
3.70999999999996,932.510488469983,-36.382486,-0.000433493685241892
3.71999999999996,932.146173279983,-36.480552,-0.0183592324689366
3.72999999999996,931.780877429983,-36.578618,-0.00293301342189907
3.73999999999996,931.414600919982,-36.676684,-0.0167304305454361
3.74999999999996,931.047343749982,-36.77475,0.00511808310380008
3.75999999999996,930.679105919982,-36.872816,-0.00503700773630091
3.76999999999996,930.309887429982,-36.970882,-0.000497031429696202
3.77999999999996,929.939688279982,-37.068948,0.0063075086975729
3.78999999999996,929.568508469982,-37.167014,0.00736922703985076
3.79999999999996,929.196347999982,-37.26508,0.013663223490452
3.80999999999996,928.823206869982,-37.363146,0.000509467049271135
3.81999999999996,928.449085079982,-37.461212,0.00265062195700781
3.82999999999996,928.073982629982,-37.559278,-0.00267190380578691
3.83999999999996,927.697899519982,-37.657344,-0.00829410120220411
3.84999999999996,927.320835749982,-37.75541,-0.01652575461474
3.85999999999996,926.942791319982,-37.853476,0.00933439551852302
3.86999999999996,926.563766229982,-37.951542,-0.00336668515500897
3.87999999999996,926.183760479982,-38.049608,0.0143764862500035
3.88999999999996,925.802774069982,-38.147674,0.00816379190338744
3.89999999999996,925.420806999982,-38.24574,-0.00029716871914338
3.90999999999996,925.037859269982,-38.343806,0.00585460746486954
3.91999999999996,924.653930879982,-38.441872,-0.0157097607162954
3.92999999999996,924.269021829982,-38.539938,-0.0119190823002021
3.93999999999996,923.883132119982,-38.638004,-0.00912881564177918
3.94999999999996,923.496261749982,-38.73607,-0.0045195684273706
3.95999999999996,923.108410719982,-38.834136,0.00721886746049307
3.96999999999996,922.719579029981,-38.932202,-0.00623442123276724
3.97999999999996,922.329766679981,-39.030268,0.0148265569309875
3.98999999999996,921.938973669981,-39.1283340000001,-0.00397831966392573
3.99999999999996,921.547199999981,-39.2264000000001,0.010018517214899
4.00999999999996,921.154445669981,-39.3244660000001,-0.0106038544688453
4.01999999999996,920.760710679981,-39.4225320000001,-0.00674388031783205
4.02999999999996,920.365995029981,-39.5205980000001,-0.00852269113823756
4.03999999999996,919.970298719981,-39.6186640000001,-0.0089611569485236
4.04999999999996,919.573621749981,-39.7167300000001,0.00495662805816686
4.05999999999996,919.175964119981,-39.8147960000001,0.00733268793254738
4.06999999999996,918.777325829981,-39.9128620000001,-0.00256651453704896
4.07999999999996,918.377706879981,-40.0109280000001,-0.00834421637833062
4.08999999999996,917.977107269981,-40.1089940000001,-0.00643804870502113
4.09999999999996,917.575526999981,-40.2070600000001,-0.00353532655855639
4.10999999999996,917.172966069981,-40.3051260000001,-0.0130065885277573
4.11999999999996,916.769424479981,-40.4031920000001,0.0189607327146622
4.12999999999996,916.364902229981,-40.5012580000001,0.00168494664878236
4.13999999999996,915.959399319981,-40.5993240000001,0.0165790861156578
4.14999999999996,915.552915749981,-40.6973900000001,-0.00129014114001005
4.15999999999996,915.14545151998,-40.7954560000001,-0.00977702694833351
4.16999999999996,914.73700662998,-40.8935220000001,-0.00834672399850503
4.17999999999996,914.32758107998,-40.9915880000001,-0.00324724068484611
4.18999999999996,913.91717486998,-41.0896540000001,-0.000415775573120287
4.19999999999995,913.50578799998,-41.1877200000001,0.00516290453722162
4.20999999999995,913.09342046998,-41.2857860000001,0.0103864811573608
4.21999999999995,912.68007227998,-41.3838520000001,-0.0169420917941501
4.22999999999995,912.26574342998,-41.4819180000001,-0.00746309678722862
4.23999999999995,911.85043391998,-41.5799840000001,-0.0212315936455065
4.24999999999995,911.43414374998,-41.6780500000001,0.00117656004591272
4.25999999999995,911.01687291998,-41.7761160000001,-0.00852367090383342
4.26999999999995,910.59862142998,-41.8741820000001,-0.0125918395503574
4.27999999999995,910.17938927998,-41.9722480000001,0.00719202246051991
4.28999999999995,909.75917646998,-42.0703140000001,-0.0103221368956925
4.29999999999995,909.33798299998,-42.1683800000001,-0.00127724876362758
4.30999999999995,908.91580886998,-42.2664460000001,0.00431770497262379
4.31999999999995,908.49265407998,-42.3645120000001,0.00139065952611047
4.32999999999995,908.06851862998,-42.4625780000001,-0.00738673911478834
4.33999999999995,907.64340251998,-42.5606440000002,-0.000826556576748664
4.34999999999995,907.21730574998,-42.6587100000002,0.00179974579068177
4.35999999999995,906.79022831998,-42.7567760000002,0.00231190978364998
4.36999999999995,906.362170229979,-42.8548420000002,-0.000992212494615793
4.37999999999995,905.933131479979,-42.9529080000002,-0.018611829502565
4.38999999999995,905.503112069979,-43.0509740000002,0.0172162917559666
4.39999999999995,905.072111999979,-43.1490400000002,0.00236931005529774
4.40999999999995,904.640131269979,-43.2471060000002,-6.01669775825186e-05
4.41999999999995,904.207169879979,-43.3451720000002,-0.00728280374709311
4.42999999999995,903.773227829979,-43.4432380000002,-0.0140041327896079
4.43999999999995,903.338305119979,-43.5413040000002,-0.00125369999415671
4.44999999999995,902.902401749979,-43.6393700000002,0.00938647070540341
4.45999999999995,902.465517719979,-43.7374360000002,-0.00364197189620052
4.46999999999995,902.027653029979,-43.8355020000002,-0.0134696385383025
4.47999999999995,901.588807679979,-43.9335680000002,-0.00137767871152333
4.48999999999995,901.148981669979,-44.0316340000002,0.00601991071847863
4.49999999999995,900.708174999979,-44.1297000000002,-0.0135718853626416
4.50999999999995,900.266387669979,-44.2277660000002,0.0122241756390508
4.51999999999995,899.823619679979,-44.3258320000002,0.000312690107079535
4.52999999999995,899.379871029979,-44.4238980000002,0.00681833272546314
4.53999999999995,898.935141719979,-44.5219640000002,-0.0154745630584908
4.54999999999995,898.489431749979,-44.6200300000002,0.0267610829743709
4.55999999999995,898.042741119978,-44.7180960000002,-0.00448142676829425
4.56999999999995,897.595069829978,-44.8161620000002,0.000155430261835108
4.57999999999995,897.146417879978,-44.9142280000002,-0.00764707397520339
4.58999999999995,896.696785269978,-45.0122940000002,-0.0149739707095131
4.59999999999995,896.246171999978,-45.1103600000002,0.0151477831756894
4.60999999999995,895.794578069978,-45.2084260000002,-0.00392787622534327
4.61999999999995,895.342003479978,-45.3064920000002,0.0045972131704515
4.62999999999995,894.888448229978,-45.4045580000002,-0.00509092549632489
4.63999999999995,894.433912319978,-45.5026240000002,-0.00177328341469669
4.64999999999995,893.978395749978,-45.6006900000002,-0.023383663825021
4.65999999999995,893.521898519978,-45.6987560000002,0.00327716475266681
4.66999999999994,893.064420629978,-45.7968220000002,0.0108169250254766
4.67999999999994,892.605962079978,-45.8948880000003,-0.0107084686998779
4.68999999999994,892.146522869978,-45.9929540000003,-0.00332047613294803
4.69999999999994,891.686102999978,-46.0910200000003,-0.00711760861916759
4.70999999999994,891.224702469978,-46.1890860000003,0.00563033606117235
4.71999999999994,890.762321279978,-46.2871520000003,0.005900228712617
4.72999999999994,890.298959429978,-46.3852180000003,-0.0143708782000051
4.73999999999994,889.834616919978,-46.4832840000003,0.00158930404812916
4.74999999999994,889.369293749977,-46.5813500000003,-0.00595634362471608
4.75999999999994,888.902989919977,-46.6794160000003,-0.00284674351859313
4.76999999999994,888.435705429977,-46.7774820000003,0.0211484552500573
4.77999999999994,887.967440279977,-46.8755480000003,-0.00484231306800982
4.78999999999994,887.498194469977,-46.9736140000003,0.00216114484331334
4.79999999999994,887.027967999977,-47.0716800000003,-0.00355228270500134
4.80999999999994,886.556760869977,-47.1697460000003,-0.00160253884807115
4.81999999999994,886.084573079977,-47.2678120000003,-0.00323915386146475
4.82999999999994,885.611404629977,-47.3658780000003,0.00747790075395615
4.83999999999994,885.137255519977,-47.4639440000003,0.000395582588339862
4.84999999999994,884.662125749977,-47.5620100000003,0.0052602213106722
4.85999999999994,884.186015319977,-47.6600760000003,0.00821224920175985
4.86999999999994,883.708924229977,-47.7581420000003,0.00192207580320526
4.87999999999994,883.230852479977,-47.8562080000003,0.00651716104794855
4.88999999999994,882.751800069977,-47.9542740000003,-0.0100545332025932
4.89999999999994,882.271766999977,-48.0523400000003,-0.0105188423056611
4.90999999999994,881.790753269977,-48.1504060000003,-0.00869957149505166
4.91999999999994,881.308758879977,-48.2484720000003,-0.0155848689516075
4.92999999999994,880.825783829977,-48.3465380000003,0.000323538685802433
4.93999999999994,880.341828119977,-48.4446040000003,-0.0109917080428072
4.94999999999994,879.856891749977,-48.5426700000003,-0.0064809291427375
4.95999999999994,879.370974719977,-48.6407360000003,0.0210506379730134
4.96999999999994,878.884077029976,-48.7388020000003,0.00598087769065592
4.97999999999994,878.396198679976,-48.8368680000003,-0.0031172105801081
4.98999999999994,877.907339669976,-48.9349340000003,-0.0056059890621636
4.99999999999994,877.417499999976,-49.0330000000003,-0.00887512605554092
5.00999999999994,876.926679669976,-49.1310660000003,0.0196670578808297
5.01999999999994,876.434878679976,-49.2291320000003,0.0100783777768986
5.02999999999994,875.942097029976,-49.3271980000004,-0.00282215101808145
5.03999999999994,875.448334719976,-49.4252640000004,-0.00268376155747901
5.04999999999994,874.953591749976,-49.5233300000004,-0.0242374216685449
5.05999999999994,874.457868119976,-49.6213960000004,0.0154089245900306
5.06999999999994,873.961163829976,-49.7194620000004,-0.00439565956226977
5.07999999999994,873.463478879976,-49.8175280000004,1.42763759084456e-05
5.08999999999994,872.964813269976,-49.9155940000004,-0.00127539732559483
5.09999999999994,872.465166999976,-50.0136600000004,-0.000679736121649971
5.10999999999994,871.964540069976,-50.1117260000004,0.00730382894359585
5.11999999999994,871.462932479976,-50.2097920000004,0.0129662454312181
5.12999999999994,870.960344229976,-50.3078580000004,0.00342085048293064
5.13999999999993,870.456775319976,-50.4059240000004,0.00887182449791899
5.14999999999993,869.952225749975,-50.5039900000004,-0.00254983490374861
5.15999999999993,869.446695519975,-50.6020560000004,0.02509302754082
5.16999999999993,868.940184629975,-50.7001220000004,-0.00860863387378575
5.17999999999993,868.432693079975,-50.7981880000004,-0.0205655044271961
5.18999999999993,867.924220869975,-50.8962540000004,0.00962050768676949
5.19999999999993,867.414767999975,-50.9943200000004,-0.00692096451980485
5.20999999999993,866.904334469975,-51.0923860000004,0.00292611843299134
5.21999999999993,866.392920279975,-51.1904520000004,-0.0066626739351629
5.22999999999993,865.880525429975,-51.2885180000004,0.0135168983766359
5.23999999999993,865.367149919975,-51.3865840000004,0.00580602596352086
5.24999999999993,864.852793749975,-51.4846500000004,0.00208411504206468
5.25999999999993,864.337456919975,-51.5827160000004,-0.0148474025305938
5.26999999999993,863.821139429975,-51.6807820000004,-0.00988920520079928
5.27999999999993,863.303841279975,-51.7788480000004,-0.0050757622510221
5.28999999999993,862.785562469975,-51.8769140000004,0.00247673987924486
5.29999999999993,862.266302999975,-51.9749800000004,0.0135144361254953
5.30999999999993,861.746062869975,-52.0730460000004,0.00682700916910768
5.31999999999993,861.224842079975,-52.1711120000004,-0.000700954169714655
5.32999999999993,860.702640629975,-52.2691780000004,0.0122155799062617
5.33999999999993,860.179458519974,-52.3672440000004,0.00547880611850258
5.34999999999993,859.655295749974,-52.4653100000004,0.00224505794430476
5.35999999999993,859.130152319974,-52.5633760000004,0.0217834333652818
5.36999999999993,858.604028229974,-52.6614420000004,-0.00226886595662699
5.37999999999993,858.076923479974,-52.7595080000005,-0.00205604023033053
5.38999999999993,857.548838069974,-52.8575740000005,0.00854263738927858
5.39999999999993,857.019771999974,-52.9556400000005,-0.0194204554608395
5.40999999999993,856.489725269974,-53.0537060000005,0.00658217194455076
5.41999999999993,855.958697879974,-53.1517720000005,-0.00183644749617105
5.42999999999993,855.426689829974,-53.2498380000005,0.0266664138293015
5.43999999999993,854.893701119974,-53.3479040000005,0.000845380195289273
5.44999999999993,854.359731749974,-53.4459700000005,-0.0223541876556471
5.45999999999993,853.824781719974,-53.5440360000005,-0.0101278449002545
5.46999999999993,853.288851029974,-53.6421020000005,0.00513562834930802
5.47999999999993,852.751939679974,-53.7401680000005,0.00841306475777493
5.48999999999993,852.214047669974,-53.8382340000005,-0.00551891610354398
5.49999999999993,851.675174999974,-53.9363000000005,-0.0120246835674299
5.50999999999993,851.135321669974,-54.0343660000005,0.00461488662657329
5.51999999999993,850.594487679974,-54.1324320000005,0.020060146502792
5.52999999999993,850.052673029973,-54.2304980000005,0.00928689623763828
5.53999999999993,849.509877719973,-54.3285640000005,-0.00163063405097421
5.54999999999993,848.966101749973,-54.4266300000005,0.00284584492878799
5.55999999999993,848.421345119973,-54.5246960000005,0.00603474682534546
5.56999999999993,847.875607829973,-54.6227620000005,-0.00574738678085879
5.57999999999993,847.328889879973,-54.7208280000005,0.00923154855724927
5.58999999999993,846.781191269973,-54.8188940000005,-0.00464042550389541
5.59999999999993,846.232511999973,-54.9169600000005,0.00295718446717485
5.60999999999992,845.682852069973,-55.0150260000005,-0.0144651622420041
5.61999999999992,845.132211479973,-55.1130920000005,0.0149301834234746
5.62999999999992,844.580590229973,-55.2111580000005,0.00798150411776597
5.63999999999992,844.027988319973,-55.3092240000005,-0.0104590912711328
5.64999999999992,843.474405749973,-55.4072900000005,-0.0103606274936124
5.65999999999992,842.919842519973,-55.5053560000005,-0.000193416639597842
5.66999999999992,842.364298629973,-55.6034220000005,0.00264084226736862
5.67999999999992,841.807774079973,-55.7014880000005,-0.00112760985938895
5.68999999999992,841.250268869973,-55.7995540000005,0.00686567794313593
5.69999999999992,840.691782999973,-55.8976200000005,0.000897990055058107
5.70999999999992,840.132316469973,-55.9956860000005,-0.00416020915672269
5.71999999999992,839.571869279972,-56.0937520000005,-0.00116282537565428
5.72999999999992,839.010441429972,-56.1918180000006,0.00547180242217414
5.73999999999992,838.448032919972,-56.2898840000006,-0.00546970424357212
5.74999999999992,837.884643749972,-56.3879500000006,0.00863291111118793
5.75999999999992,837.320273919972,-56.4860160000006,-0.0082376969982022
5.76999999999992,836.754923429972,-56.5840820000006,-0.00168143487534356
5.77999999999992,836.188592279972,-56.6821480000006,-0.00592662869811896
5.78999999999992,835.621280469972,-56.7802140000006,0.0141887181368354
5.79999999999992,835.052987999972,-56.8782800000006,0.00653986057986736
5.80999999999992,834.483714869972,-56.9763460000006,0.0132261031558596
5.81999999999992,833.913461079972,-57.0744120000006,0.00521262617832429
5.82999999999992,833.342226629972,-57.1724780000006,-0.0231225273345869
5.83999999999992,832.770011519972,-57.2705440000006,-0.0046607681781615
5.84999999999992,832.196815749972,-57.3686100000006,0.0130334895463459
5.85999999999992,831.622639319972,-57.4666760000006,0.0121837207156168
5.86999999999992,831.047482229972,-57.5647420000006,-0.00605212037427883
5.87999999999992,830.471344479972,-57.6628080000006,0.0101627251206482
5.88999999999992,829.894226069972,-57.7608740000006,-0.00777941800494712
5.89999999999992,829.316126999972,-57.8589400000006,0.0103715205190123
5.90999999999992,828.737047269971,-57.9570060000006,-0.00482465020735208
5.91999999999992,828.156986879971,-58.0550720000006,-0.0106466161980566
5.92999999999992,827.575945829971,-58.1531380000006,0.0113340386733349
5.93999999999992,826.993924119971,-58.2512040000006,-0.00604603190957694
5.94999999999992,826.410921749971,-58.3492700000006,0.00916522831085233
5.95999999999992,825.826938719971,-58.4473360000006,0.015078360997137
5.96999999999992,825.241975029971,-58.5454020000006,0.000621373351677265
5.97999999999992,824.656030679971,-58.6434680000006,0.00116578078467079
5.98999999999992,824.069105669971,-58.7415340000006,-0.0099167894001398
5.99999999999992,823.481199999971,-58.8396000000006,0.00135403114065057
6.00999999999992,822.892313669971,-58.9376660000006,-0.0043527698123527
6.01999999999992,822.302446679971,-59.0357320000006,0.0198344417518382
6.02999999999992,821.711599029971,-59.1337980000006,-0.00960680550357448
6.03999999999992,821.119770719971,-59.2318640000006,0.0101670736351522
6.04999999999992,820.526961749971,-59.3299300000006,-0.00958443667670991
6.05999999999992,819.933172119971,-59.4279960000006,0.0269804396895751
6.06999999999992,819.338401829971,-59.5260620000006,0.00436516727757859
6.07999999999991,818.74265087997,-59.6241280000007,-0.0111549774168358
6.08999999999991,818.14591926997,-59.7221940000007,0.0113581075503571
6.09999999999991,817.54820699997,-59.8202600000007,-0.0069863073299434
6.10999999999991,816.94951406997,-59.9183260000007,-0.00115508804390272
6.11999999999991,816.34984047997,-60.0163920000007,0.00920589471964876
6.12999999999991,815.74918622997,-60.1144580000007,-0.00148676357402375
6.13999999999991,815.14755131997,-60.2125240000007,0.00278025103561381
6.14999999999991,814.54493574997,-60.3105900000007,-0.00988172553011998
6.15999999999991,813.94133951997,-60.4086560000007,-0.00406179140348019
6.16999999999991,813.33676262997,-60.5067220000007,0.00795216937229953
6.17999999999991,812.73120507997,-60.6047880000007,0.00192871380901495
6.18999999999991,812.12466686997,-60.7028540000007,-0.0181423704131633
6.19999999999991,811.51714799997,-60.8009200000007,0.00388349111481396
6.20999999999991,810.90864846997,-60.8989860000007,-0.00832006523668169
6.21999999999991,810.29916827997,-60.9970520000007,-0.00486338905384626
6.22999999999991,809.68870742997,-61.0951180000007,-0.0136246652209019
6.23999999999991,809.07726591997,-61.1931840000007,-0.00996131417806242
6.24999999999991,808.46484374997,-61.2912500000007,0.00652402351145324
6.25999999999991,807.851440919969,-61.3893160000007,-0.00425727557405147
6.26999999999991,807.237057429969,-61.4873820000007,-0.00612420797351195
6.27999999999991,806.621693279969,-61.5854480000007,-0.0152927097173644
6.28999999999991,806.005348469969,-61.6835140000007,0.00597715494359053
6.29999999999991,805.388022999969,-61.7815800000007,0.00327135836073651
6.30999999999991,804.769716869969,-61.8796460000007,-0.0144645826580741
6.31999999999991,804.150430079969,-61.9777120000007,0.0103581095692264
6.32999999999991,803.530162629969,-62.0757780000007,0.00544866138183264
6.33999999999991,802.908914519969,-62.1738440000007,0.0171047684507366
6.34999999999991,802.286685749969,-62.2719100000007,0.0021531004670652
6.35999999999991,801.663476319969,-62.3699760000007,-0.0119699066741136
6.36999999999991,801.039286229969,-62.4680420000007,-0.00359627176621957
6.37999999999991,800.414115479969,-62.5661080000007,-0.0136929728261757
6.38999999999991,799.787964069969,-62.6641740000007,0.00835913635650523
6.39999999999991,799.160831999969,-62.7622400000007,-0.00671066587563591
6.40999999999991,798.532719269969,-62.8603060000007,-0.0041262425695383
6.41999999999991,797.903625879969,-62.9583720000008,-0.00848709530384029
6.42999999999991,797.273551829968,-63.0564380000008,0.00928920709669274
6.43999999999991,796.642497119968,-63.1545040000008,-0.00566206507092008
6.44999999999991,796.010461749968,-63.2525700000008,-0.0112161936773913
6.45999999999991,795.377445719968,-63.3506360000008,-0.00962078632826993
6.46999999999991,794.743449029968,-63.4487020000008,0.00335103576446425
6.47999999999991,794.108471679968,-63.5467680000008,-0.0070421108063519
6.48999999999991,793.472513669968,-63.6448340000008,0.00889212761920965
6.49999999999991,792.835574999968,-63.7429000000008,0.00517939572152667
6.50999999999991,792.197655669968,-63.8409660000008,0.00812662126970586
6.51999999999991,791.558755679968,-63.9390320000008,-0.00360532251778704
6.52999999999991,790.918875029968,-64.0370980000008,-0.00462348562231035
6.53999999999991,790.278013719968,-64.1351640000008,-0.0129509138396652
6.5499999999999,789.636171749968,-64.2332300000008,0.00629229240357856
6.5599999999999,788.993349119968,-64.3312960000008,-0.00194459515100667
6.5699999999999,788.349545829968,-64.4293620000008,0.00225451240795974
6.5799999999999,787.704761879968,-64.5274280000008,-0.00904047772569352
6.5899999999999,787.058997269968,-64.6254940000008,0.00675786141814291
6.5999999999999,786.412251999968,-64.7235600000008,-0.00887232745779135
6.6099999999999,785.764526069967,-64.8216260000008,-0.0159157321509614
6.6199999999999,785.115819479967,-64.9196920000008,-0.00710604639607941
6.6299999999999,784.466132229967,-65.0177580000008,-0.00926501203162893
6.6399999999999,783.815464319967,-65.1158240000008,0.0163625595813869
6.6499999999999,783.163815749967,-65.2138900000008,-0.0104708694193301
6.6599999999999,782.511186519967,-65.3119560000008,-0.00437151374448506
6.6699999999999,781.857576629967,-65.4100220000008,-0.0136518766286506
6.6799999999999,781.202986079967,-65.5080880000008,0.0195646081685105
6.6899999999999,780.547414869967,-65.6061540000008,0.00141274054867026
6.6999999999999,779.890862999967,-65.7042200000008,0.000245182336218102
6.7099999999999,779.233330469967,-65.8022860000008,-0.00257989412071917
6.7199999999999,778.574817279967,-65.9003520000008,-0.0125554157582127
6.7299999999999,777.915323429967,-65.9984180000008,-0.0120111973897774
6.7399999999999,777.254848919967,-66.0964840000008,-0.0153660333145306
6.7499999999999,776.593393749967,-66.1945500000008,-0.00243843992973303
6.7599999999999,775.930957919967,-66.2926160000008,-0.00710556140690651
6.7699999999999,775.267541429967,-66.3906820000009,0.0224930927606392
6.7799999999999,774.603144279967,-66.4887480000009,-0.0106630673258874
6.7899999999999,773.937766469967,-66.5868140000009,-0.00652132082699217
6.7999999999999,773.271407999966,-66.6848800000009,-0.00112914730711655
6.8099999999999,772.604068869966,-66.7829460000009,-0.000643864049802807
6.8199999999999,771.935749079966,-66.8810120000009,0.0135350467388001
6.8299999999999,771.266448629966,-66.9790780000009,-0.00646000608292864
6.8399999999999,770.596167519966,-67.0771440000009,-0.00898311898685133
6.8499999999999,769.924905749966,-67.1752100000009,0.0135785825096256
6.8599999999999,769.252663319966,-67.2732760000009,0.000235055089537213
6.8699999999999,768.579440229966,-67.3713420000009,0.00022456429613512
6.8799999999999,767.905236479966,-67.4694080000009,0.00556626459150464
6.8899999999999,767.230052069966,-67.5674740000009,-0.0100395607013917
6.8999999999999,766.553886999966,-67.6655400000009,0.00589998575816534
6.9099999999999,765.876741269966,-67.7636060000009,0.010204202835626
6.9199999999999,765.198614879966,-67.8616720000009,-0.00462702988846928
6.9299999999999,764.519507829966,-67.9597380000009,0.0155320409039008
6.9399999999999,763.839420119966,-68.0578040000009,-0.00518322631872688
6.9499999999999,763.158351749966,-68.1558700000009,-0.0155255115232799
6.9599999999999,762.476302719966,-68.2539360000009,-0.00837233226282768
6.9699999999999,761.793273029966,-68.3520020000009,0.00380125493435543
6.9799999999999,761.109262679965,-68.4500680000009,-0.00597868589426974
6.9899999999999,760.424271669965,-68.5481340000009,0.00344351616449304
6.9999999999999,759.738299999965,-68.6462000000009,-0.0185878308597975
7.00999999999989,759.051347669965,-68.7442660000009,-0.00135387148830767
7.01999999999989,758.363414679965,-68.8423320000009,-0.000751303472518806
7.02999999999989,757.674501029965,-68.9403980000009,-0.00540394676753683
7.03999999999989,756.984606719965,-69.0384640000009,-0.0176185122154564
7.04999999999989,756.293731749965,-69.1365300000009,0.00190188064915603
7.05999999999989,755.601876119965,-69.2345960000009,0.0105173166157461
7.06999999999989,754.909039829965,-69.3326620000009,-0.00279505704094496
7.07999999999989,754.215222879965,-69.4307280000009,0.00347544781483285
7.08999999999989,753.520425269965,-69.5287940000009,0.000644442162314968
7.09999999999989,752.824646999965,-69.6268600000009,-0.00818853211173084
7.10999999999989,752.127888069965,-69.7249260000009,0.00784855388798096
7.11999999999989,751.430148479965,-69.822992000001,-0.00280462384656094
7.12999999999989,750.731428229965,-69.921058000001,-0.00376089791699403
7.13999999999989,750.031727319964,-70.019124000001,-0.00700912811426869
7.14999999999989,749.331045749964,-70.117190000001,0.00135048182761757
7.15999999999989,748.629383519964,-70.215256000001,0.0162256910556196
7.16999999999989,747.926740629964,-70.313322000001,-0.0111869344025665
7.17999999999989,747.223117079964,-70.411388000001,-0.0220769253429084
7.18999999999989,746.518512869964,-70.509454000001,-0.00581289062327123
7.19999999999989,745.812927999964,-70.607520000001,0.00681305732059673
7.20999999999989,745.106362469964,-70.705586000001,0.00016681760894501
7.21999999999989,744.398816279964,-70.803652000001,0.000711331239465965
7.22999999999989,743.690289429964,-70.901718000001,0.00282370543980978
7.23999999999989,742.980781919964,-70.999784000001,-0.0162457046435721
7.24999999999989,742.270293749964,-71.097850000001,-0.000425527179220385
7.25999999999989,741.558824919964,-71.195916000001,-0.00410707056553133
7.26999999999989,740.846375429964,-71.293982000001,9.64732646787178e-06
7.27999999999989,740.132945279964,-71.392048000001,-0.00642300345008337
7.28999999999989,739.418534469964,-71.490114000001,0.0186546100598337
7.29999999999989,738.703142999964,-71.588180000001,0.00660731531325082
7.30999999999989,737.986770869963,-71.686246000001,0.011289019330052
7.31999999999989,737.269418079963,-71.784312000001,-0.0100463145560674
7.32999999999989,736.551084629963,-71.882378000001,0.0223416040025634
7.33999999999989,735.831770519963,-71.980444000001,-0.00675513298613408
7.34999999999989,735.111475749963,-72.078510000001,0.000626207008973478
7.35999999999989,734.390200319963,-72.176576000001,0.00913019201276251
7.36999999999989,733.667944229963,-72.274642000001,-0.00399370790443807
7.37999999999989,732.944707479963,-72.372708000001,-0.00135299854363801
7.38999999999989,732.220490069963,-72.470774000001,0.0038220526460133
7.39999999999989,731.495291999963,-72.568840000001,0.024400126039794
7.40999999999989,730.769113269963,-72.666906000001,0.00562180893439435
7.41999999999989,730.041953879963,-72.764972000001,0.013358354192516
7.42999999999989,729.313813829963,-72.863038000001,0.0095910432370356
7.43999999999989,728.584693119963,-72.961104000001,0.0153028094158715
7.44999999999989,727.854591749963,-73.059170000001,0.0276466030441627
7.45999999999989,727.123509719963,-73.157236000001,0.00369149528376672
7.46999999999989,726.391447029963,-73.2553020000011,-0.00689392990829727
7.47999999999988,725.658403679963,-73.3533680000011,-0.00103896418542648
7.48999999999988,724.924379669962,-73.4514340000011,-0.00297738695333636
7.49999999999988,724.189374999962,-73.5495000000011,-1.91343387813871e-05
7.50999999999988,723.453389669962,-73.6475660000011,0.00529182801243755
7.51999999999988,722.716423679962,-73.7456320000011,0.000676955762280872
7.52999999999988,721.978477029962,-73.8436980000011,-0.00709328579975258
7.53999999999988,721.239549719962,-73.9417640000011,-0.00704304247745626
7.54999999999988,720.499641749962,-74.0398300000011,0.00144599524006875
7.55999999999988,719.758753119962,-74.1378960000011,0.0189029198187916
7.56999999999988,719.016883829962,-74.2359620000011,0.00464868112384203
7.57999999999988,718.274033879962,-74.3340280000011,0.00854432456320568
7.58999999999988,717.530203269962,-74.4320940000011,-0.000299706248049675
7.59999999999988,716.785391999962,-74.5301600000011,0.00297076258750112
7.60999999999988,716.039600069962,-74.6282260000011,0.0227315966559923
7.61999999999988,715.292827479962,-74.7262920000011,0.0192727727589324
7.62999999999988,714.545074229962,-74.8243580000011,0.000149431155086236
7.63999999999988,713.796340319962,-74.9224240000011,0.0206045356727851
7.64999999999988,713.046625749962,-75.0204900000011,-0.0112082351503377
7.65999999999988,712.295930519962,-75.1185560000011,-0.00706246260743534
7.66999999999988,711.544254629961,-75.2166220000011,-0.002858234009599
7.67999999999988,710.791598079961,-75.3146880000011,0.00555058650304194
7.68999999999988,710.037960869961,-75.4127540000011,-0.00585715300768815
7.69999999999988,709.283342999961,-75.5108200000011,-0.0107329652806647
7.70999999999988,708.527744469961,-75.6088860000011,-0.0196045851540959
7.71999999999988,707.771165279961,-75.7069520000011,0.0026064955661379
7.72999999999988,707.013605429961,-75.8050180000011,-0.00245165202767155
7.73999999999988,706.255064919961,-75.9030840000011,0.000178979876871789
7.74999999999988,705.495543749961,-76.0011500000011,0.0158364548984405
7.75999999999988,704.735041919961,-76.0992160000011,0.0052782212722821
7.76999999999988,703.973559429961,-76.1972820000011,-0.0112029589420977
7.77999999999988,703.211096279961,-76.2953480000011,-0.0180815062648787
7.78999999999988,702.447652469961,-76.3934140000011,0.00485115328658634
7.79999999999988,701.683227999961,-76.4914800000011,-0.0208680307307551
7.80999999999988,700.917822869961,-76.5895460000011,-0.00850591727953614
7.81999999999988,700.15143707996,-76.6876120000012,-0.00909386645950429
7.82999999999988,699.38407062996,-76.7856780000012,0.0179044831583141
7.83999999999988,698.61572351996,-76.8837440000012,-0.00317508677837236
7.84999999999988,697.84639574996,-76.9818100000012,-0.0140581371542028
7.85999999999988,697.07608731996,-77.0798760000012,0.00230540849126196
7.86999999999988,696.30479822996,-77.1779420000012,0.00782570624236841
7.87999999999988,695.53252847996,-77.2760080000012,0.012703279632943
7.88999999999988,694.75927806996,-77.3740740000012,0.0107302457172976
7.89999999999988,693.98504699996,-77.4721400000012,-0.0137738881899276
7.90999999999988,693.20983526996,-77.5702060000012,-0.0126516498614202
7.91999999999988,692.43364287996,-77.6682720000012,-0.00262438792281113
7.92999999999988,691.65646982996,-77.7663380000012,-0.0207189628334016
7.93999999999988,690.87831611996,-77.8644040000012,-0.0126664121600162
7.94999999999987,690.09918174996,-77.9624700000012,0.00175282061758521
7.95999999999987,689.31906671996,-78.0605360000012,0.00550954274695657
7.96999999999987,688.53797102996,-78.1586020000012,0.00719989275557073
7.97999999999987,687.75589467996,-78.2566680000012,-0.00360151127848361
7.98999999999987,686.97283766996,-78.3547340000012,0.00691866066939687
7.99999999999987,686.188799999959,-78.4528000000012,-0.000139193666474894
8.00999999999987,685.403781669959,-78.5508660000012,-0.00193510161234127
8.01999999999987,684.617782679959,-78.6489320000012,-0.0061136858915086
8.02999999999987,683.830803029959,-78.7469980000012,-0.00153045529228347
8.03999999999987,683.042842719959,-78.8450640000012,0.00764405675170428
8.04999999999987,682.253901749959,-78.9431300000012,0.0073957311312815
8.05999999999987,681.463980119959,-79.0411960000012,0.00216462024004568
8.06999999999987,680.673077829959,-79.1392620000012,-0.0247946962230049
8.07999999999987,679.881194879959,-79.2373280000012,0.0137606105222364
8.08999999999987,679.088331269959,-79.3353940000012,0.0121300105339441
8.09999999999987,678.294486999959,-79.4334600000012,0.0112763875700121
8.10999999999987,677.499662069959,-79.5315260000012,-0.000274310142958032
8.11999999999987,676.703856479959,-79.6295920000012,0.00420207286124731
8.12999999999987,675.907070229959,-79.7276580000012,0.00400086500455136
8.13999999999987,675.109303319959,-79.8257240000012,-0.00441171596127365
8.14999999999987,674.310555749959,-79.9237900000012,-0.000404994647936098
8.15999999999987,673.510827519959,-80.0218560000013,-0.00898301411629407
8.16999999999987,672.710118629959,-80.1199220000013,-0.0090526228518526
8.17999999999987,671.908429079958,-80.2179880000013,0.0164894011385308
8.18999999999987,671.105758869958,-80.3160540000013,-0.00630267644479484
8.19999999999987,670.302107999958,-80.4141200000013,0.00538338163998386
8.20999999999987,669.497476469958,-80.5121860000013,0.00428140534300004
8.21999999999987,668.691864279958,-80.6102520000013,0.0307119058037528
8.22999999999987,667.885271429958,-80.7083180000013,0.00234272265399476
8.23999999999987,667.077697919958,-80.8063840000013,0.0049472138175312
8.24999999999987,666.269143749958,-80.9044500000013,-0.00306438064284136
8.25999999999987,665.459608919958,-81.0025160000013,-0.0108219710768074
8.26999999999987,664.649093429958,-81.1005820000013,0.0204081054148806
8.27999999999987,663.837597279958,-81.1986480000013,0.0059541747241885
8.28999999999987,663.025120469958,-81.2967140000013,0.010615820189393
8.29999999999987,662.211662999958,-81.3947800000013,0.0109452197506243
8.30999999999987,661.397224869958,-81.4928460000013,-0.0074383589733296
8.31999999999987,660.581806079957,-81.5909120000013,-0.00311029631710464
8.32999999999987,659.765406629957,-81.6889780000013,0.00120745864704462
8.33999999999987,658.948026519957,-81.7870440000013,0.0107645193112584
8.34999999999987,658.129665749957,-81.8851100000013,-0.00735205123366386
8.35999999999987,657.310324319957,-81.9831760000013,-0.015362274680588
8.36999999999987,656.490002229957,-82.0812420000013,0.00724987255001083
8.37999999999987,655.668699479957,-82.1793080000013,-0.0105520921348387
8.38999999999987,654.846416069957,-82.2773740000013,-0.00963966570737378
8.39999999999987,654.023151999957,-82.3754400000013,0.00277314765695109
8.40999999999987,653.198907269957,-82.4735060000013,0.00356569195362728
8.41999999999986,652.373681879957,-82.5715720000013,0.00441937786728654
8.42999999999986,651.547475829957,-82.6696380000013,-0.00322372162445314
8.43999999999986,650.720289119957,-82.7677040000013,-0.00110488082022947
8.44999999999986,649.892121749957,-82.8657700000013,0.00235267949989979
8.45999999999986,649.062973719957,-82.9638360000013,0.0070374807721442
8.46999999999986,648.232845029957,-83.0619020000013,-0.0068686228753306
8.47999999999986,647.401735679957,-83.1599680000013,0.0124765368963175
8.48999999999986,646.569645669956,-83.2580340000013,0.0152615425603107
8.49999999999986,645.736574999956,-83.3561000000013,-0.00552097835088239
8.50999999999986,644.902523669956,-83.4541660000014,0.00144156695178394
8.51999999999986,644.067491679956,-83.5522320000014,0.0138765963389647
8.52999999999986,643.231479029956,-83.6502980000014,0.00576977277913043
8.53999999999986,642.394485719956,-83.7483640000014,-0.00398715758731069
8.54999999999986,641.556511749956,-83.8464300000014,-0.00631275327490293
8.55999999999986,640.717557119956,-83.9444960000014,-0.00320244850778142
8.56999999999986,639.877621829956,-84.0425620000014,0.0254600615723286
8.57999999999986,639.036705879956,-84.1406280000014,-0.0066079885445095
8.58999999999986,638.194809269956,-84.2386940000014,0.0100642715707348
8.59999999999986,637.351931999956,-84.3367600000014,-0.0107151035804434
8.60999999999986,636.508074069956,-84.4348260000014,-0.00136131173771868
8.61999999999986,635.663235479956,-84.5328920000014,0.01307100739876
8.62999999999986,634.817416229956,-84.6309580000014,-0.0141391610001917
8.63999999999986,633.970616319956,-84.7290240000014,0.00649855785503664
8.64999999999986,633.122835749955,-84.8270900000014,0.00816553786359162
8.65999999999986,632.274074519955,-84.9251560000014,-0.0157379499563968
8.66999999999986,631.424332629955,-85.0232220000014,-0.0115104036236188
8.67999999999986,630.573610079955,-85.1212880000014,0.0141599623975729
8.68999999999986,629.721906869955,-85.2193540000014,0.0159319845428928
8.69999999999986,628.869222999955,-85.3174200000014,0.00117695450647608
8.70999999999986,628.015558469955,-85.4154860000014,-0.0044300004472025
8.71999999999986,627.160913279955,-85.5135520000014,-0.0167781114551279
8.72999999999986,626.305287429955,-85.6116180000014,0.011781118250653
8.73999999999986,625.448680919955,-85.7096840000014,0.00199883849600767
8.74999999999986,624.591093749955,-85.8077500000014,0.0144520176201576
8.75999999999986,623.732525919955,-85.9058160000014,-0.0128745173623717
8.76999999999986,622.872977429955,-86.0038820000014,0.00486628565386701
8.77999999999986,622.012448279955,-86.1019480000014,-0.000363017503286108
8.78999999999986,621.150938469955,-86.2000140000014,-0.0170679921260354
8.79999999999986,620.288447999955,-86.2980800000014,0.00899213441442822
8.80999999999986,619.424976869955,-86.3961460000014,0.00506601651653069
8.81999999999986,618.560525079954,-86.4942120000014,-0.00392167279505928
8.82999999999986,617.695092629954,-86.5922780000014,-0.0035489635718674
8.83999999999986,616.828679519954,-86.6903440000014,-0.012112750288743
8.84999999999986,615.961285749954,-86.7884100000014,-0.00786348114501155
8.85999999999986,615.092911319954,-86.8864760000015,0.0078753653127576
8.86999999999986,614.223556229954,-86.9845420000015,7.05993693899136e-05
8.87999999999986,613.353220479954,-87.0826080000015,0.000666019725976635
8.88999999999985,612.481904069954,-87.1806740000015,0.00936317668508735
8.89999999999985,611.609606999954,-87.2787400000015,-0.00760162162460687
8.90999999999985,610.736329269954,-87.3768060000015,0.0116517193237388
8.91999999999985,609.862070879954,-87.4748720000015,0.0101617847006398
8.92999999999985,608.986831829954,-87.5729380000015,0.024292618295495
8.93999999999985,608.110612119954,-87.6710040000015,-0.0138255559580104
8.94999999999985,607.233411749954,-87.7690700000015,-0.00828991586687598
8.95999999999985,606.355230719954,-87.8671360000015,-0.00564641308582333
8.96999999999985,605.476069029953,-87.9652020000015,-0.00118640138539574
8.97999999999985,604.595926679953,-88.0632680000015,-0.00247277799350512
8.98999999999985,603.714803669953,-88.1613340000015,-0.0125709868054839
8.99999999999985,602.832699999953,-88.2594000000015,-0.00725800736774857
9.00999999999985,601.949615669953,-88.3574660000015,0.0145196342383013
9.01999999999985,601.065550679953,-88.4555320000015,0.000426522201953143
9.02999999999985,600.180505029953,-88.5535980000015,0.000279009817290705
9.03999999999985,599.294478719953,-88.6516640000015,-0.00896519363413294
9.04999999999985,598.407471749953,-88.7497300000015,-0.0107417007123763
9.05999999999985,597.519484119953,-88.8477960000015,-0.00370245418714028
9.06999999999985,596.630515829953,-88.9458620000015,0.00220374756424621
9.07999999999985,595.740566879953,-89.0439280000015,-0.0108809415286815
9.08999999999985,594.849637269953,-89.1419940000015,0.0107331905752448
9.09999999999985,593.957726999953,-89.2400600000015,0.0218757135293544
9.10999999999985,593.064836069953,-89.3381260000015,0.00513805891803362
9.11999999999985,592.170964479953,-89.4361920000015,0.0124039403000607
9.12999999999985,591.276112229952,-89.5342580000015,0.0078044382266531
9.13999999999985,590.380279319952,-89.6323240000015,-0.000821333924514217
9.14999999999985,589.483465749952,-89.7303900000015,0.0102493326318837
9.15999999999985,588.585671519952,-89.8284560000015,-0.00061764433605487
9.16999999999985,587.686896629952,-89.9265220000015,0.0205571674223577
9.17999999999985,586.787141079952,-90.0245880000015,0.00145556894879417
9.18999999999985,585.886404869952,-90.1226540000015,0.0152026631741326
9.19999999999985,584.984687999952,-90.2207200000015,-0.0098283028505152
9.20999999999985,584.081990469952,-90.3187860000016,0.0152130158433946
9.21999999999985,583.178312279952,-90.4168520000016,0.00723981120427708
9.22999999999985,582.273653429952,-90.5149180000016,0.00162318496262998
9.23999999999985,581.368013919952,-90.6129840000016,-0.0142810945945337
9.24999999999985,580.461393749952,-90.7110500000016,0.00920895116070289
9.25999999999985,579.553792919952,-90.8091160000016,-0.00157267201429815
9.26999999999985,578.645211429952,-90.9071820000016,0.00595232011299275
9.27999999999985,577.735649279952,-91.0052480000016,0.00710280155760803
9.28999999999985,576.825106469951,-91.1033140000016,-0.00691384404456763
9.29999999999985,575.913582999951,-91.2013800000016,-0.00956686643149806
9.30999999999985,575.001078869951,-91.2994460000016,-0.000996099423806228
9.31999999999985,574.087594079951,-91.3975120000016,-0.00615092479574653
9.32999999999985,573.173128629951,-91.4955780000016,-0.0101003880691382
9.33999999999985,572.257682519951,-91.5936440000016,-0.0166473415864989
9.34999999999985,571.341255749951,-91.6917100000016,0.000477117499586387
9.35999999999984,570.423848319951,-91.7897760000016,0.0035259957792532
9.36999999999984,569.505460229951,-91.8878420000016,-0.0178270113472688
9.37999999999984,568.586091479951,-91.9859080000016,-0.00499830523744306
9.38999999999984,567.665742069951,-92.0839740000016,0.00323370071991394
9.39999999999984,566.744411999951,-92.1820400000016,0.00394934361094633
9.40999999999984,565.822101269951,-92.2801060000016,0.00659162122701737
9.41999999999984,564.898809879951,-92.3781720000016,-0.00641271091483325
9.42999999999984,563.974537829951,-92.4762380000016,-0.00382273655541936
9.43999999999984,563.049285119951,-92.5743040000016,0.00572790063708306
9.44999999999984,562.12305174995,-92.6723700000016,-0.00343437803716384
9.45999999999984,561.19583771995,-92.7704360000016,-0.0129497937705757
9.46999999999984,560.26764302995,-92.8685020000016,0.00152949575860866
9.47999999999984,559.33846767995,-92.9665680000016,-0.0213426266799685
9.48999999999984,558.40831166995,-93.0646340000016,-0.00208243983097959
9.49999999999984,557.47717499995,-93.1627000000016,0.0133066772296157
9.50999999999984,556.54505766995,-93.2607660000016,-0.00407496835642453
9.51999999999984,555.61195967995,-93.3588320000016,-0.00990341371254296
9.52999999999984,554.67788102995,-93.4568980000016,0.00262530855238296
9.53999999999984,553.74282171995,-93.5549640000016,0.000634342383399729
9.54999999999984,552.80678174995,-93.6530300000016,-0.0121458973213381
9.55999999999984,551.86976111995,-93.7510960000017,-0.0148243936787907
9.56999999999984,550.93175982995,-93.8491620000017,0.0137673984047932
9.57999999999984,549.99277787995,-93.9472280000017,0.0154914606779766
9.58999999999984,549.05281526995,-94.0452940000017,-0.0103796557355512
9.59999999999984,548.111871999949,-94.1433600000017,-0.00427652110543406
9.60999999999984,547.169948069949,-94.2414260000017,0.0123138471702658
9.61999999999984,546.227043479949,-94.3394920000017,0.00333593027507844
9.62999999999984,545.283158229949,-94.4375580000017,-0.00752941254426489
9.63999999999984,544.338292319949,-94.5356240000017,0.00151807859105093
9.64999999999984,543.392445749949,-94.6336900000017,-0.00374777869873765
9.65999999999984,542.445618519949,-94.7317560000017,-0.00486824643702887
9.66999999999984,541.497810629949,-94.8298220000017,0.00600147907320595
9.67999999999984,540.549022079949,-94.9278880000017,0.00354380368798927
9.68999999999984,539.599252869949,-95.0259540000017,-0.00301572827024303
9.69999999999984,538.648502999949,-95.1240200000017,-0.000297175128996461
9.70999999999984,537.696772469949,-95.2220860000017,0.00496645035389958
9.71999999999984,536.744061279949,-95.3201520000017,-0.0279452290634751
9.72999999999984,535.790369429949,-95.4182180000017,0.0100008064771181
9.73999999999984,534.835696919949,-95.5162840000017,-0.0107575682120484
9.74999999999984,533.880043749949,-95.6143500000017,-0.00235998617927762
9.75999999999984,532.923409919948,-95.7124160000017,-0.00415675727289945
9.76999999999984,531.965795429948,-95.8104820000017,0.0177044789739062
9.77999999999984,531.007200279948,-95.9085480000017,-0.0250023764655406
9.78999999999984,530.047624469948,-96.0066140000017,0.0181642400077384
9.79999999999984,529.087067999948,-96.1046800000017,-0.0049829544409199
9.80999999999984,528.125530869948,-96.2027460000017,-0.00735758105440569
9.81999999999984,527.163013079948,-96.3008120000017,-0.0124405323699292
9.82999999999983,526.199514629948,-96.3988780000017,-0.00814819940524898
9.83999999999983,525.235035519948,-96.4969440000017,-0.0176139464928071
9.84999999999983,524.269575749948,-96.5950100000017,0.0101222444413815
9.85999999999983,523.303135319948,-96.6930760000017,-0.00689290185863107
9.86999999999983,522.335714229948,-96.7911420000017,-0.00693969489064608
9.87999999999983,521.367312479948,-96.8892080000017,0.00785008582950984
9.88999999999983,520.397930069948,-96.9872740000017,0.00142329835515974
9.89999999999983,519.427566999948,-97.0853400000018,-0.00863669135161089
9.90999999999983,518.456223269947,-97.1834060000018,-0.00916958155391906
9.91999999999983,517.483898879947,-97.2814720000018,-0.0261625612350494
9.92999999999983,516.510593829947,-97.3795380000018,-0.00516535731473112
9.93999999999983,515.536308119947,-97.4776040000018,0.00527935328856081
9.94999999999983,514.561041749947,-97.5756700000018,0.00141506208986087
9.95999999999983,513.584794719947,-97.6737360000018,0.00539774350370423
9.96999999999983,512.607567029947,-97.7718020000018,-0.00461053967719665
9.97999999999983,511.629358679947,-97.8698680000018,0.0111475169823432
9.98999999999983,510.650169669947,-97.9679340000018,-0.00471051691630969
9.99999999999983,509.669999999947,-98.0660000000018,0.00257060477235817
10.0099999999998,508.688849669947,-98.1640660000018,-0.010105172675821
10.0199999999998,507.706718679947,-98.2621320000018,0.000404949712643994
10.0299999999998,506.723607029947,-98.3601980000018,-0.00703650415502451
10.0399999999998,505.739514719947,-98.4582640000018,-0.0118493310186992
10.0499999999998,504.754441749947,-98.5563300000018,0.00594655027760092
10.0599999999998,503.768388119947,-98.6543960000018,-0.00241555389099024
10.0699999999998,502.781353829947,-98.7524620000018,0.00489460843298817
10.0799999999998,501.793338879947,-98.8505280000018,-0.00604507891875
10.0899999999998,500.804343269947,-98.9485940000018,0.00490543146069042
10.0999999999998,499.814366999947,-99.0466600000018,-0.000180980966006571
10.1099999999998,498.823410069947,-99.1447260000018,0.00354746613238962
10.1199999999998,497.831472479947,-99.2427920000018,-0.0148518702978764
10.1299999999998,496.838554229947,-99.3408580000018,-0.00168553970710796
10.1399999999998,495.844655319947,-99.4389240000018,0.0130820129189555
10.1499999999998,494.849775749947,-99.5369900000018,0.00872760128622387
10.1599999999998,493.853915519947,-99.6350560000018,0.00535472016515243
10.1699999999998,492.857074629947,-99.7331220000018,-0.0123581082725398
10.1799999999998,491.859253079947,-99.8311880000018,-0.0091642486839642
10.1899999999998,490.860450869947,-99.9292540000018,0.00809901456779786
10.1999999999998,489.860667999947,-100.027320000002,-0.000588388449180326
10.2099999999998,488.859904469947,-100.125386000002,0.00480309249388976
10.2199999999998,487.858160279947,-100.223452000002,-0.00188793110777485
10.2299999999998,486.855435429947,-100.321518000002,0.0111087534025346
10.2399999999998,485.851729919947,-100.419584000002,-0.012717737003972
10.2499999999998,484.847043749947,-100.517650000002,-0.01221548434436
10.2599999999998,483.841376919947,-100.615716000002,0.0136661515668554
10.2699999999998,482.834729429947,-100.713782000002,-0.0233658689919342
10.2799999999998,481.827101279947,-100.811848000002,-0.00576453574091428
10.2899999999998,480.818492469947,-100.909914000002,-0.0156158046732889
10.2999999999998,479.808902999947,-101.007980000002,-0.0113297453657166
10.3099999999998,478.798332869947,-101.106046000002,0.0159634444614634
10.3199999999998,477.786782079947,-101.204112000002,-0.000455000629999761
10.3299999999998,476.774250629947,-101.302178000002,0.00199015688920529
10.3399999999998,475.760738519947,-101.400244000002,-0.00582894729608403
10.3499999999998,474.746245749947,-101.498310000002,0.00464770276414517
10.3599999999998,473.730772319947,-101.596376000002,-0.0124158587668432
10.3699999999998,472.714318229947,-101.694442000002,-0.017837006600338
10.3799999999998,471.696883479947,-101.792508000002,0.025039640794474
10.3899999999998,470.678468069947,-101.890574000002,0.0107412954907279
10.3999999999998,469.659071999947,-101.988640000002,0.00411127879672261
10.4099999999998,468.638695269947,-102.086706000002,0.00419328636507323
10.4199999999998,467.617337879947,-102.184772000002,-0.00582727198369316
10.4299999999998,466.594999829947,-102.282838000002,-0.0091688903159276
10.4399999999998,465.571681119947,-102.380904000002,0.00307114155138303
10.4499999999998,464.547381749947,-102.478970000002,-0.00270440214085707
10.4599999999998,463.522101719947,-102.577036000002,-0.00851013892276359
10.4699999999998,462.495841029947,-102.675102000002,-0.00668070903850572
10.4799999999998,461.468599679947,-102.773168000002,-0.0121845202192359
10.4899999999998,460.440377669947,-102.871234000002,-0.00184159658127691
10.4999999999998,459.411174999947,-102.969300000002,0.00672012890614835
10.5099999999998,458.380991669947,-103.067366000002,-0.0068701481360457
10.5199999999998,457.349827679946,-103.165432000002,-0.00555827466121773
10.5299999999998,456.317683029946,-103.263498000002,-0.00137910794725473
10.5399999999998,455.284557719946,-103.361564000002,0.00780239572682702
10.5499999999998,454.250451749946,-103.459630000002,-0.0114658711488901
10.5599999999998,453.215365119946,-103.557696000002,-0.0016632753670858
10.5699999999998,452.179297829946,-103.655762000002,-0.00344073378852202
10.5799999999998,451.142249879946,-103.753828000002,0.00578814926491646
10.5899999999998,450.104221269946,-103.851894000002,0.0104045227924698
10.5999999999998,449.065211999946,-103.949960000002,-0.00192664066983829
10.6099999999998,448.025222069946,-104.048026000002,0.0167304383647229
10.6199999999998,446.984251479946,-104.146092000002,0.00250306397940574
10.6299999999998,445.942300229946,-104.244158000002,-0.00903915563598866
10.6399999999998,444.899368319946,-104.342224000002,0.00417900683245905
10.6499999999998,443.855455749946,-104.440290000002,-0.00462206092864053
10.6599999999998,442.810562519946,-104.538356000002,-0.0101455811139813
10.6699999999998,441.764688629946,-104.636422000002,-0.00943814242725566
10.6799999999998,440.717834079946,-104.734488000002,-0.00293727813290235
10.6899999999998,439.669998869946,-104.832554000002,0.0110158798035069
10.6999999999998,438.621182999946,-104.930620000002,-0.00101345429463067
10.7099999999998,437.571386469946,-105.028686000002,-0.00996474198891741
10.7199999999998,436.520609279946,-105.126752000002,0.00202339156262562
10.7299999999998,435.468851429946,-105.224818000002,-0.00134745257254492
10.7399999999998,434.416112919946,-105.322884000002,-0.0111093504224228
10.7499999999998,433.362393749946,-105.420950000002,-0.00379769938283891
10.7599999999998,432.307693919946,-105.519016000002,0.000953109474518103
10.7699999999998,431.252013429946,-105.617082000002,-0.00687008606634483
10.7799999999998,430.195352279946,-105.715148000002,0.00323412667180834
10.7899999999998,429.137710469946,-105.813214000002,0.00649385016605487
10.7999999999998,428.079087999946,-105.911280000002,-0.00853102279994968
10.8099999999998,427.019484869946,-106.009346000002,0.0312659538950732
10.8199999999998,425.958901079946,-106.107412000002,0.0178173189430558
10.8299999999998,424.897336629946,-106.205478000002,0.00665730041544716
10.8399999999998,423.834791519946,-106.303544000002,-0.0303802253329778
10.8499999999998,422.771265749946,-106.401610000002,-0.00734105616524736
10.8599999999998,421.706759319946,-106.499676000002,-0.00608681419014851
10.8699999999998,420.641272229946,-106.597742000002,-0.00390024491466488
10.8799999999998,419.574804479946,-106.695808000002,0.0121016273455411
10.8899999999998,418.507356069946,-106.793874000002,0.00301744908252152
10.8999999999998,417.438926999946,-106.891940000002,-0.0148888957031551
10.9099999999998,416.369517269946,-106.990006000002,0.0100539585163464
10.9199999999998,415.299126879946,-107.088072000002,0.00860078253751237
10.9299999999998,414.227755829946,-107.186138000002,0.0118742975847914
10.9399999999998,413.155404119946,-107.284204000002,0.00615872740679604
10.9499999999998,412.082071749946,-107.382270000002,-0.000630333706739921
10.9599999999998,411.007758719946,-107.480336000002,0.00201086322587613
10.9699999999998,409.932465029946,-107.578402000002,0.00457827118286985
10.9799999999998,408.856190679946,-107.676468000002,-0.0127371372110595
10.9899999999998,407.778935669946,-107.774534000002,-0.00389160284910839
10.9999999999998,406.700699999946,-107.872600000002,-0.00504457536073996
11.0099999999998,405.621483669946,-107.970666000002,-0.00371823523942833
11.0199999999998,404.541286679946,-108.068732000002,-0.00525053345412643
11.0299999999998,403.460109029946,-108.166798000002,0.0224550560567906
11.0399999999998,402.377950719946,-108.264864000002,0.00537378335188094
11.0499999999998,401.294811749946,-108.362930000002,0.018395804414154
11.0599999999998,400.210692119946,-108.460996000002,0.00281772144709029
11.0699999999998,399.125591829946,-108.559062000002,0.00918346499105889
11.0799999999998,398.039510879946,-108.657128000002,0.00631041135957684
11.0899999999998,396.952449269946,-108.755194000002,-0.00163136164474175
11.0999999999998,395.864406999946,-108.853260000002,-0.0106740307297341
11.1099999999998,394.775384069946,-108.951326000002,0.010754832703137
11.1199999999998,393.685380479946,-109.049392000002,0.000949412203527367
11.1299999999998,392.594396229946,-109.147458000002,0.0160599105611046
11.1399999999998,391.502431319946,-109.245524000002,-0.0104749679859541
11.1499999999998,390.409485749946,-109.343590000002,0.0133842906168423
11.1599999999998,389.315559519946,-109.441656000002,0.0253798939893628
11.1699999999998,388.220652629946,-109.539722000002,-0.00877530045470505
11.1799999999998,387.124765079946,-109.637788000002,0.00283802878721068
11.1899999999998,386.027896869946,-109.735854000002,-0.0102861387461842
11.1999999999998,384.930047999946,-109.833920000002,-0.00427380133411823
11.2099999999998,383.831218469946,-109.931986000002,-0.00346143814511996
11.2199999999998,382.731408279946,-110.030052000002,-0.0100738039246469
11.2299999999998,381.630617429946,-110.128118000002,0.00261229603588081
11.2399999999998,380.528845919946,-110.226184000002,-0.0231436659658027
11.2499999999998,379.426093749946,-110.324250000002,-0.00170639095792849
11.2599999999998,378.322360919946,-110.422316000002,-0.00242486404986669
11.2699999999998,377.217647429946,-110.520382000002,0.00777379556376717
11.2799999999998,376.111953279946,-110.618448000002,-0.0160000727895696
11.2899999999998,375.005278469946,-110.716514000002,0.0119801723395403
11.2999999999998,373.897622999946,-110.814580000002,-0.00931526405071195
11.3099999999998,372.788986869946,-110.912646000002,0.00759002319226139
11.3199999999998,371.679370079946,-111.010712000002,0.00330718351530775
11.3299999999998,370.568772629946,-111.108778000002,0.00542126305730648
11.3399999999998,369.457194519946,-111.206844000002,0.00018437553072169
11.3499999999998,368.344635749945,-111.304910000002,-0.0248665181351387
11.3599999999998,367.231096319945,-111.402976000002,0.0178317170637533
11.3699999999998,366.116576229946,-111.501042000002,0.00579944139560309
11.3799999999998,365.001075479945,-111.599108000002,0.00262178937740154
11.3899999999998,363.884594069945,-111.697174000002,0.0119794350597299
11.3999999999998,362.767131999945,-111.795240000002,0.0153780696833881
11.4099999999998,361.648689269945,-111.893306000002,0.00678673608936378
11.4199999999998,360.529265879945,-111.991372000002,0.00415763797138916
11.4299999999998,359.408861829945,-112.089438000002,0.0267903804842429
11.4399999999998,358.287477119945,-112.187504000002,0.00715220740263443
11.4499999999998,357.165111749945,-112.285570000002,0.00679391685110902
11.4599999999998,356.041765719945,-112.383636000002,-0.0102416547319221
11.4699999999998,354.917439029945,-112.481702000002,-0.00725403056367133
11.4799999999998,353.792131679945,-112.579768000002,0.0274882925454836
11.4899999999998,352.665843669945,-112.677834000002,-0.000604233409601696
11.4999999999998,351.538574999945,-112.775900000002,-0.0117247704470186
11.5099999999998,350.410325669945,-112.873966000002,-0.0014569354976937
11.5199999999998,349.281095679945,-112.972032000002,0.00571142461091823
11.5299999999998,348.150885029945,-113.070098000002,0.000462964808363877
11.5399999999998,347.019693719945,-113.168164000002,-0.00959926080530011
11.5499999999998,345.887521749945,-113.266230000002,0.000520559123098716
11.5599999999998,344.754369119945,-113.364296000002,0.00883800107095964
11.5699999999998,343.620235829945,-113.462362000002,0.00863377345687654
11.5799999999998,342.485121879945,-113.560428000002,0.000112798424548606
11.5899999999998,341.349027269945,-113.658494000002,-0.00716093108765558
11.5999999999998,340.211951999945,-113.756560000002,-0.0198415439152004
11.6099999999998,339.073896069945,-113.854626000002,-0.00865406503667432
11.6199999999998,337.934859479945,-113.952692000002,-0.0162743810157333
11.6299999999998,336.794842229945,-114.050758000002,-0.001150669294738
11.6399999999998,335.653844319945,-114.148824000002,-0.00210943975644134
11.6499999999998,334.511865749945,-114.246890000002,-0.00841529423614978
11.6599999999998,333.368906519945,-114.344956000002,0.014687895353791
11.6699999999998,332.224966629945,-114.443022000002,-0.00500173560242851
11.6799999999998,331.080046079945,-114.541088000002,0.0223361549131397
11.6899999999998,329.934144869945,-114.639154000002,-0.0116422576371934
11.6999999999998,328.787262999945,-114.737220000002,0.0065197134030732
11.7099999999998,327.639400469945,-114.835286000002,0.00926456050367729
11.7199999999998,326.490557279945,-114.933352000002,-0.00105321674256942
11.7299999999998,325.340733429945,-115.031418000002,0.00308530964918405
11.7399999999998,324.189928919945,-115.129484000002,0.00850694038120008
11.7499999999998,323.038143749945,-115.227550000002,-0.0127101952887545
11.7599999999998,321.885377919945,-115.325616000002,0.00555797320826245
11.7699999999998,320.731631429945,-115.423682000002,0.0200688782747711
11.7799999999998,319.576904279945,-115.521748000002,-0.000182441652122019
11.7899999999998,318.421196469945,-115.619814000002,-0.0137505447233293
11.7999999999998,317.264507999945,-115.717880000002,0.00536123530475789
11.8099999999998,316.106838869945,-115.815946000002,0.0163509378429684
11.8199999999998,314.948189079945,-115.914012000002,-0.00217136379423662
11.8299999999998,313.788558629945,-116.012078000002,-0.01750267767644
11.8399999999998,312.627947519945,-116.110144000002,-0.00899910643664901
11.8499999999998,311.466355749945,-116.208210000002,-0.019159970512336
11.8599999999998,310.303783319945,-116.306276000002,-0.0101236426737158
11.8699999999998,309.140230229945,-116.404342000002,-0.00293541776296696
11.8799999999998,307.975696479945,-116.502408000002,-0.00426851936553145
11.8899999999998,306.810182069945,-116.600474000002,-0.0128920469537155
11.8999999999998,305.643686999945,-116.698540000002,-0.00662130984072303
11.9099999999998,304.476211269945,-116.796606000002,0.000792736879401383
11.9199999999998,303.307754879945,-116.894672000002,-0.00820581346641375
11.9299999999998,302.138317829945,-116.992738000002,0.0111742538995294
11.9399999999998,300.967900119945,-117.090804000002,0.000527409233439478
11.9499999999998,299.796501749945,-117.188870000002,-0.00930710448230175
11.9599999999998,298.624122719945,-117.286936000002,-0.00690058715294244
11.9699999999998,297.450763029945,-117.385002000002,-0.0035478482314442
11.9799999999998,296.276422679945,-117.483068000002,-0.000242537219348755
11.9899999999998,295.101101669945,-117.581134000002,0.0135388954124362
11.9999999999998,293.924799999945,-117.679200000002,0.00788512945870479
12.0099999999998,292.747517669945,-117.777266000002,0.0124127607376596
12.0199999999998,291.569254679945,-117.875332000002,0.0071250243251618
12.0299999999998,290.390011029945,-117.973398000002,0.00371965833897262
12.0399999999998,289.209786719945,-118.071464000002,-0.0141256330255973
12.0499999999998,288.028581749945,-118.169530000002,-0.00186925726190157
12.0599999999998,286.846396119945,-118.267596000002,-0.0118961472402461
12.0699999999998,285.663229829945,-118.365662000002,-0.00125049890175508
12.0799999999998,284.479082879945,-118.463728000002,-0.0285777231216943
12.0899999999998,283.293955269945,-118.561794000002,0.00890053532018552
12.0999999999998,282.107846999945,-118.659860000002,-0.0148554418521003
12.1099999999998,280.920758069944,-118.757926000002,-0.00355259771586911
12.1199999999998,279.732688479944,-118.855992000002,-0.00657839397421152
12.1299999999998,278.543638229944,-118.954058000002,0.0111929181335072
12.1399999999998,277.353607319944,-119.052124000002,-0.00316954919192194
12.1499999999998,276.162595749944,-119.150190000002,-0.00430731047952728
12.1599999999998,274.970603519944,-119.248256000002,-0.00411240569240169
12.1699999999998,273.777630629944,-119.346322000002,-0.00617380508585329
12.1799999999998,272.583677079944,-119.444388000002,0.0195933713923148
12.1899999999998,271.388742869944,-119.542454000002,0.00988959421556892
12.1999999999998,270.192827999944,-119.640520000002,-0.0129072178920836
12.2099999999998,268.995932469944,-119.738586000002,-0.00674901330510103
12.2199999999998,267.798056279944,-119.836652000002,-0.00709116335051785
12.2299999999998,266.599199429944,-119.934718000002,0.00442855769948339
12.2399999999998,265.399361919944,-120.032784000002,-0.00478922417901329
12.2499999999998,264.198543749944,-120.130850000002,-0.00348318966602854
12.2599999999998,262.996744919944,-120.228916000002,0.000857248613564038
12.2699999999998,261.793965429944,-120.326982000002,-0.0067334584335839
12.2799999999998,260.590205279944,-120.425048000002,0.00101740236962521
12.2899999999998,259.385464469944,-120.523114000002,-0.00363463461939305
12.2999999999998,258.179742999944,-120.621180000002,0.020157170001712
12.3099999999998,256.973040869944,-120.719246000002,-0.0128115131242927
12.3199999999998,255.765358079944,-120.817312000002,-0.00498422078629135
12.3299999999998,254.556694629944,-120.915378000002,-0.00024349883361332
12.3399999999998,253.347050519944,-121.013444000002,0.00628326711464551
12.3499999999998,252.136425749944,-121.111510000002,0.00295862377668742
12.3599999999998,250.924820319944,-121.209576000002,0.00354791681998695
12.3699999999998,249.712234229944,-121.307642000002,-0.0138813235633175
12.3799999999998,248.498667479944,-121.405708000002,0.0124166462210733
12.3899999999998,247.284120069944,-121.503774000002,-0.000206733998257459
12.3999999999998,246.068591999944,-121.601840000002,0.0364157836556704
12.4099999999998,244.852083269944,-121.699906000002,0.0163950105313014
12.4199999999998,243.634593879944,-121.797972000002,0.0134551387532306
12.4299999999998,242.416123829944,-121.896038000002,0.0100808540793959
12.4399999999998,241.196673119944,-121.994104000002,-0.00828677926669837
12.4499999999998,239.976241749944,-122.092170000002,0.0059351998233206
12.4599999999998,238.754829719944,-122.190236000002,0.00084695499366897
12.4699999999998,237.532437029944,-122.288302000002,0.00321916186613957
12.4799999999998,236.309063679944,-122.386368000002,0.00689301486925059
12.4899999999998,235.084709669944,-122.484434000002,0.00281452333373742
12.4999999999998,233.859374999944,-122.582500000002,0.00832538753709926
12.5099999999998,232.633059669944,-122.680566000003,-0.00709922470163849
12.5199999999998,231.405763679944,-122.778632000003,-0.0167869932678642
12.5299999999998,230.177487029944,-122.876698000003,-0.000945381764206937
12.5399999999998,228.948229719944,-122.974764000003,0.0208969844390197
12.5499999999998,227.717991749944,-123.072830000003,0.0105800737988518
12.5599999999998,226.486773119944,-123.170896000003,-0.0060875583071861
12.5699999999998,225.254573829944,-123.268962000003,0.0174061030155275
12.5799999999998,224.021393879944,-123.367028000003,0.0148389287714495
12.5899999999998,222.787233269944,-123.465094000003,-0.00320886831910636
12.5999999999998,221.552091999944,-123.563160000003,-0.00919527679728048
12.6099999999998,220.315970069944,-123.661226000003,0.00593543580174641
12.6199999999998,219.078867479944,-123.759292000003,-0.0125119678067337
12.6299999999998,217.840784229944,-123.857358000003,0.00489564688449328
12.6399999999998,216.601720319944,-123.955424000003,0.00189048517254356
12.6499999999998,215.361675749944,-124.053490000003,0.0235462116569461
12.6599999999998,214.120650519944,-124.151556000003,0.00179240647991668
12.6699999999998,212.878644629944,-124.249622000003,0.01136568478243
12.6799999999998,211.635658079944,-124.347688000003,0.00435670815348764
12.6899999999998,210.391690869944,-124.445754000003,-0.00549534904662687
12.6999999999998,209.146742999944,-124.543820000003,-0.00409412962747464
12.7099999999998,207.900814469944,-124.641886000003,0.0088445835316555
12.7199999999998,206.653905279944,-124.739952000003,0.00491840241049868
12.7299999999998,205.406015429944,-124.838018000003,0.0177217040879863
12.7399999999998,204.157144919944,-124.936084000003,0.000442749996265515
12.7499999999998,202.907293749944,-125.034150000003,0.00971713359093026
12.7599999999998,201.656461919943,-125.132216000003,-0.0119929534548379
12.7699999999998,200.404649429943,-125.230282000003,-0.0169259908834966
12.7799999999998,199.151856279943,-125.328348000003,0.00122391892460908
12.7899999999998,197.898082469943,-125.426414000003,-0.0142942345459931
12.7999999999998,196.643327999943,-125.524480000003,-0.00852350311250826
12.8099999999998,195.387592869943,-125.622546000003,0.009390978667051
12.8199999999998,194.130877079943,-125.720612000003,-0.00907182014149184
12.8299999999998,192.873180629943,-125.818678000003,-0.00196973707602923
12.8399999999998,191.614503519943,-125.916744000003,-0.0117759865648603
12.8499999999998,190.354845749943,-126.014810000003,0.00293304784708873
12.8599999999998,189.094207319943,-126.112876000003,-0.0197690362973463
12.8699999999998,187.832588229943,-126.210942000003,-0.0140336125164987
12.8799999999998,186.569988479943,-126.309008000003,-0.014604376545588
12.8899999999998,185.306408069943,-126.407074000003,-0.00531273996329508
12.8999999999998,184.041846999943,-126.505140000003,0.00447633475860142
12.9099999999998,182.776305269943,-126.603206000003,-0.000928609402749071
12.9199999999998,181.509782879943,-126.701272000003,-0.00138957587205808
12.9299999999998,180.242279829943,-126.799338000003,0.00561252769257971
12.9399999999998,178.973796119943,-126.897404000003,0.00127018382258814
12.9499999999998,177.704331749943,-126.995470000003,-0.0126897125880689
12.9599999999998,176.433886719943,-127.093536000003,0.0129664221436692
12.9699999999998,175.162461029943,-127.191602000003,-0.0115162336921181
12.9799999999998,173.890054679943,-127.289668000003,-0.00725744241115929
12.9899999999998,172.616667669943,-127.387734000003,-0.0127819042038095
12.9999999999998,171.342299999943,-127.485800000003,-0.00993580196349521
13.0099999999998,170.066951669943,-127.583866000003,0.0197648409047381
13.0199999999998,168.790622679943,-127.681932000003,-0.00417972954455811
13.0299999999998,167.513313029943,-127.779998000003,-0.00416521763602874
13.0399999999998,166.235022719943,-127.878064000003,0.000907496072528157
13.0499999999998,164.955751749943,-127.976130000003,0.00552654894714369
13.0599999999998,163.675500119943,-128.074196000003,-0.00549480407859665
13.0699999999998,162.394267829943,-128.172262000003,0.00534486468160259
13.0799999999998,161.112054879943,-128.270328000003,0.0163902693544963
13.0899999999998,159.828861269943,-128.368394000003,0.00149424521118966
13.0999999999998,158.544686999943,-128.466460000003,0.0179246824461125
13.1099999999998,157.259532069943,-128.564526000003,0.0072001992229623
13.1199999999998,155.973396479943,-128.662592000003,-0.00537806321769533
13.1299999999998,154.686280229943,-128.760658000003,-0.00824349661027058
13.1399999999998,153.398183319943,-128.858724000003,0.00936004174345003
13.1499999999998,152.109105749943,-128.956790000003,0.0120079677294037
13.1599999999998,150.819047519943,-129.054856000003,0.0116151981562532
13.1699999999998,149.528008629943,-129.152922000003,0.0211294367603815
13.1799999999998,148.235989079943,-129.250988000003,0.0202574381840039
13.1899999999998,146.942988869943,-129.349054000002,0.00208428884888057
13.1999999999998,145.649007999943,-129.447120000002,-0.00376470949471102
13.2099999999998,144.354046469943,-129.545186000002,0.00721282108047092
13.2199999999998,143.058104279943,-129.643252000002,0.0250389361632835
13.2299999999998,141.761181429943,-129.741318000002,0.00232910837054866
13.2399999999998,140.463277919943,-129.839384000002,0.0138843522033171
13.2499999999998,139.164393749943,-129.937450000002,-0.0197396189376293
13.2599999999998,137.864528919943,-130.035516000002,0.00232016058339203
13.2699999999998,136.563683429943,-130.133582000002,0.00561032663633601
13.2799999999998,135.261857279943,-130.231648000002,0.0144790024416697
13.2899999999998,133.959050469943,-130.329714000002,-0.0119338115835356
13.2999999999998,132.655262999943,-130.427780000002,-0.00842355645682517
13.3099999999998,131.350494869943,-130.525846000002,0.0139848466241519
13.3199999999998,130.044746079943,-130.623912000002,-0.0290043076976132
13.3299999999998,128.738016629943,-130.721978000002,0.00678201164191439
13.3399999999998,127.430306519943,-130.820044000002,-0.00448088909315044
13.3499999999998,126.121615749943,-130.918110000002,0.013013048513531
13.3599999999998,124.811944319942,-131.016176000002,0.0103681648334963
13.3699999999998,123.501292229942,-131.114242000002,0.00254583947348834
13.3799999999998,122.189659479942,-131.212308000002,0.00321591929357384
13.3899999999998,120.877046069942,-131.310374000002,-0.0145624562740223
13.3999999999998,119.563451999942,-131.408440000002,0.0226624557092822
13.4099999999998,118.248877269942,-131.506506000002,-0.00193645630569519
13.4199999999998,116.933321879942,-131.604572000002,-0.0225857449965304
13.4299999999998,115.616785829942,-131.702638000002,-0.00324697673480622
13.4399999999998,114.299269119942,-131.800704000002,0.0076107294618484
13.4499999999998,112.980771749942,-131.898770000002,-0.000483610358052122
13.4599999999998,111.661293719942,-131.996836000002,-0.0110197784412986
13.4699999999998,110.340835029942,-132.094902000002,0.0158602799762411
13.4799999999998,109.019395679942,-132.192968000002,-0.00841517267143798
13.4899999999998,107.696975669942,-132.291034000002,-0.00534580497284786
13.4999999999998,106.373574999942,-132.389100000002,-0.0104772463119225
13.5099999999998,105.049193669942,-132.487166000002,0.0123140333146133
13.5199999999998,103.723831679942,-132.585232000002,0.00485960357756533
13.5299999999998,102.397489029942,-132.683298000002,0.00246076299484501
13.5399999999998,101.070165719942,-132.781364000002,-0.00377935612732341
13.5499999999998,99.741861749942,-132.879430000002,-0.00013738317276302
13.5599999999998,98.4125771199419,-132.977496000002,-0.00756867048492305
13.5699999999998,97.0823118299419,-133.075562000002,0.00267999467003142
13.5799999999998,95.7510658799419,-133.173628000002,0.0050666247635472
13.5899999999998,94.4188392699419,-133.271694000002,0.0120149050854307
13.5999999999998,93.0856319999418,-133.369760000002,0.00872296415827381
13.6099999999998,91.7514440699418,-133.467826000002,-0.0167410687157065
13.6199999999998,90.4162754799418,-133.565892000002,-0.00199963423168289
13.6299999999998,89.0801262299418,-133.663958000002,-0.0117468850612797
13.6399999999998,87.7429963199417,-133.762024000002,0.00494828945454679
13.6499999999998,86.4048857499417,-133.860090000002,-0.010651351514354
13.6599999999998,85.0657945199417,-133.958156000002,-0.0211779680931207
13.6699999999998,83.7257226299417,-134.056222000002,0.0262336260423742
13.6799999999998,82.3846700799416,-134.154288000002,-0.00276254412156311
13.6899999999998,81.0426368699416,-134.252354000002,0.018989583965124
13.6999999999998,79.6996229999416,-134.350420000002,-0.000827178581128146
13.7099999999998,78.3556284699416,-134.448486000002,0.00577853256037343
13.7199999999998,77.0106532799415,-134.546552000002,0.00737972846638527
13.7299999999998,75.6646974299415,-134.644618000002,0.0218161586105804
13.7399999999998,74.3177609199415,-134.742684000002,0.0133200096441651
13.7499999999998,72.9698437499415,-134.840750000002,0.00670368558907841
13.7599999999998,71.6209459199414,-134.938816000002,-0.00717164293561129
13.7699999999998,70.2710674299414,-135.036882000002,-0.00739284140158997
13.7799999999998,68.9202082799414,-135.134948000002,-0.00156067822106712
13.7899999999998,67.5683684699414,-135.233014000002,0.0189046786213325
13.7999999999998,66.2155479999413,-135.331080000002,0.00936937430032371
13.8099999999998,64.8617468699413,-135.429146000002,0.00817142988756914
13.8199999999997,63.5069650799413,-135.527212000002,0.00337945970896939
13.8299999999997,62.1512026299413,-135.625278000002,-0.00673605506008707
13.8399999999997,60.7944595199413,-135.723344000002,-0.00931818369125458
13.8499999999997,59.4367357499412,-135.821410000002,-0.000881675375587247
13.8599999999997,58.0780313199412,-135.919476000002,-0.00640016915222854
13.8699999999997,56.7183462299412,-136.017542000002,0.00140034021630973
13.8799999999997,55.3576804799412,-136.115608000002,0.013543008267461
13.8899999999997,53.9960340699412,-136.213674000002,-0.00778515849180623
13.8999999999997,52.6334069999412,-136.311740000002,-0.00596937744670479
13.9099999999997,51.2697992699412,-136.409806000002,-0.0075986729041117
13.9199999999997,49.9052108799411,-136.507872000002,-0.00178575302878465
13.9299999999997,48.5396418299411,-136.605938000002,-0.0109292429702024
13.9399999999997,47.1730921199411,-136.704004000002,-0.00618478361497514
13.9499999999997,45.8055617499411,-136.802070000002,-0.0266044123852223
13.9599999999997,44.4370507199411,-136.900136000002,-0.0115243849462562
13.9699999999997,43.0675590299411,-136.998202000002,0.0214687086758588
13.9799999999997,41.6970866799411,-137.096268000002,0.00130850488320631
13.9899999999997,40.325633669941,-137.194334000002,0.00660156024653648
13.9999999999997,38.953199999941,-137.292400000002,-0.0096388399867893
14.0099999999997,37.579785669941,-137.390466000002,-0.0112050952105186
14.0199999999997,36.205390679941,-137.488532000002,0.0134236960907081
14.0299999999997,34.830015029941,-137.586598000002,0.00950224639204496
14.0399999999997,33.453658719941,-137.684664000002,0.00502149058006615
14.0499999999997,32.076321749941,-137.782730000002,-0.000860722232347668
14.0599999999997,30.6980041199409,-137.880796000002,-0.0114605008305993
14.0699999999997,29.3187058299409,-137.978862000001,-0.014515613726152
14.0799999999997,27.9384268799409,-138.076928000001,0.00613258663689671
14.0899999999997,26.5571672699409,-138.174994000001,-7.0679449847506e-05
14.0999999999997,25.1749269999409,-138.273060000001,0.00390198075428701
14.1099999999997,23.7917060699409,-138.371126000001,0.0197726597192105
14.1199999999997,22.4075044799409,-138.469192000001,-0.0217782370054136
14.1299999999997,21.0223222299408,-138.567258000001,-0.00840878523699369
14.1399999999997,19.6361593199408,-138.665324000001,-0.00417955935265484
14.1499999999997,18.2490157499408,-138.763390000001,-0.00669149126348778
14.1599999999997,16.8608915199408,-138.861456000001,0.0119407395572734
14.1699999999997,15.4717866299408,-138.959522000001,0.00417131552558872
14.1799999999997,14.0817010799408,-139.057588000001,-0.0159556903356877
14.1899999999997,12.6906348699407,-139.155654000001,0.00198044270043716
14.1999999999997,11.2985879999407,-139.253720000001,0.00680924159300203
14.2099999999997,9.90556046994071,-139.351786000001,0.0158796391192901
14.2199999999997,8.5115522799407,-139.449852000001,-0.0112289130548706
14.2299999999997,7.11656342994069,-139.547918000001,-0.00332394862830576
14.2399999999997,5.72059391994067,-139.645984000001,0.00897943656039356
14.2499999999997,4.32364374994066,-139.744050000001,-0.00497262793052238
14.2599999999997,2.92571291994065,-139.842116000001,0.0144043319827645
14.2699999999997,1.52680142994063,-139.940182000001,0.0058347473559276
